-0.040965153196 14 16 14 16
0.040965153196 14 16 16 14
-0.040965153196 14 17 15 16
0.040965153196 14 17 16 15
-0.040965153196 14 18 14 18
0.040965153196 14 18 18 14
-0.040965153196 14 19 15 18
0.040965153196 14 19 18 15
-0.020482576598 14 20 14 20
0.020482576598 14 20 20 14
-0.020482576598 14 21 15 20
0.040965153196 14 21 16 19
-0.040965153196 14 21 17 18
0.040965153196 14 21 18 17
-0.040965153196 14 21 19 16
0.020482576598 14 21 20 15
-0.040965153196 14 22 14 22
0.040965153196 14 22 22 14
-0.040965153196 14 23 15 22
0.040965153196 14 23 22 15
-0.040965153196 14 24 14 24
0.040965153196 14 24 24 14
-0.040965153196 14 25 15 24
0.040965153196 14 25 24 15
-0.0136550510653 14 26 14 26
-0.020482576598 14 26 20 22
0.020482576598 14 26 22 20
0.0136550510653 14 26 26 14
-0.0136550510653 14 27 15 26
0.020482576598 14 27 20 23
-0.040965153196 14 27 21 22
0.040965153196 14 27 22 21
-0.020482576598 14 27 23 20
0.0136550510653 14 27 26 15
-0.0136550510653 14 28 14 28
-0.020482576598 14 28 20 24
0.020482576598 14 28 24 20
0.0136550510653 14 28 28 14
-0.0136550510653 14 29 15 28
0.020482576598 14 29 20 25
-0.040965153196 14 29 21 24
0.040965153196 14 29 24 21
-0.020482576598 14 29 25 20
0.0136550510653 14 29 28 15
-0.020482576598 14 30 14 30
0.020482576598 14 30 30 14
-0.020482576598 14 31 15 30
0.040965153196 14 31 22 25
-0.040965153196 14 31 23 24
0.040965153196 14 31 24 23
-0.040965153196 14 31 25 22
0.020482576598 14 31 30 15
-0.0136550510653 14 32 14 32
0.020482576598 14 32 16 30
-0.020482576598 14 32 30 16
0.0136550510653 14 32 32 14
-0.0136550510653 14 33 15 32
0.040965153196 14 33 16 31
-0.020482576598 14 33 17 30
0.020482576598 14 33 30 17
-0.040965153196 14 33 31 16
0.0136550510653 14 33 32 15
-0.0136550510653 14 34 14 34
0.020482576598 14 34 18 30
-0.020482576598 14 34 30 18
0.0136550510653 14 34 34 14
-0.0136550510653 14 35 15 34
0.040965153196 14 35 18 31
-0.020482576598 14 35 19 30
0.020482576598 14 35 30 19
-0.040965153196 14 35 31 18
0.0136550510653 14 35 34 15
-0.010241288299 14 36 14 36
0.0273101021307 14 36 16 34
0.0273101021307 14 36 18 32
0.0273101021307 14 36 22 28
0.0273101021307 14 36 24 26
-0.0273101021307 14 36 26 24
-0.0273101021307 14 36 28 22
-0.0273101021307 14 36 32 18
-0.0273101021307 14 36 34 16
0.010241288299 14 36 36 14
-0.010241288299 14 37 15 36
0.040965153196 14 37 16 35
-0.0136550510653 14 37 17 34
0.040965153196 14 37 18 33
-0.0136550510653 14 37 19 32
0.020482576598 14 37 20 31
-0.020482576598 14 37 21 30
0.040965153196 14 37 22 29
-0.0136550510653 14 37 23 28
0.040965153196 14 37 24 27
-0.0136550510653 14 37 25 26
0.0136550510653 14 37 26 25
-0.040965153196 14 37 27 24
0.0136550510653 14 37 28 23
-0.040965153196 14 37 29 22
0.020482576598 14 37 30 21
-0.020482576598 14 37 31 20
0.0136550510653 14 37 32 19
-0.040965153196 14 37 33 18
0.0136550510653 14 37 34 17
-0.040965153196 14 37 35 16
0.010241288299 14 37 36 15
-0.040965153196 15 16 14 17
0.040965153196 15 16 17 14
-0.040965153196 15 17 15 17
0.040965153196 15 17 17 15
-0.040965153196 15 18 14 19
0.040965153196 15 18 19 14
-0.040965153196 15 19 15 19
0.040965153196 15 19 19 15
-0.020482576598 15 20 14 21
-0.040965153196 15 20 16 19
0.040965153196 15 20 17 18
-0.040965153196 15 20 18 17
0.040965153196 15 20 19 16
0.020482576598 15 20 21 14
-0.020482576598 15 21 15 21
0.020482576598 15 21 21 15
-0.040965153196 15 22 14 23
0.040965153196 15 22 23 14
-0.040965153196 15 23 15 23
0.040965153196 15 23 23 15
-0.040965153196 15 24 14 25
0.040965153196 15 24 25 14
-0.040965153196 15 25 15 25
0.040965153196 15 25 25 15
-0.0136550510653 15 26 14 27
-0.040965153196 15 26 20 23
0.020482576598 15 26 21 22
-0.020482576598 15 26 22 21
0.040965153196 15 26 23 20
0.0136550510653 15 26 27 14
-0.0136550510653 15 27 15 27
-0.020482576598 15 27 21 23
0.020482576598 15 27 23 21
0.0136550510653 15 27 27 15
-0.0136550510653 15 28 14 29
-0.040965153196 15 28 20 25
0.020482576598 15 28 21 24
-0.020482576598 15 28 24 21
0.040965153196 15 28 25 20
0.0136550510653 15 28 29 14
-0.0136550510653 15 29 15 29
-0.020482576598 15 29 21 25
0.020482576598 15 29 25 21
0.0136550510653 15 29 29 15
-0.020482576598 15 30 14 31
-0.040965153196 15 30 22 25
0.040965153196 15 30 23 24
-0.040965153196 15 30 24 23
0.040965153196 15 30 25 22
0.020482576598 15 30 31 14
-0.020482576598 15 31 15 31
0.020482576598 15 31 31 15
-0.0136550510653 15 32 14 33
-0.020482576598 15 32 16 31
0.040965153196 15 32 17 30
-0.040965153196 15 32 30 17
0.020482576598 15 32 31 16
0.0136550510653 15 32 33 14
-0.0136550510653 15 33 15 33
0.020482576598 15 33 17 31
-0.020482576598 15 33 31 17
0.0136550510653 15 33 33 15
-0.0136550510653 15 34 14 35
-0.020482576598 15 34 18 31
0.040965153196 15 34 19 30
-0.040965153196 15 34 30 19
0.020482576598 15 34 31 18
0.0136550510653 15 34 35 14
-0.0136550510653 15 35 15 35
0.020482576598 15 35 19 31
-0.020482576598 15 35 31 19
0.0136550510653 15 35 35 15
-0.010241288299 15 36 14 37
-0.0136550510653 15 36 16 35
0.040965153196 15 36 17 34
-0.0136550510653 15 36 18 33
0.040965153196 15 36 19 32
-0.020482576598 15 36 20 31
0.020482576598 15 36 21 30
-0.0136550510653 15 36 22 29
0.040965153196 15 36 23 28
-0.0136550510653 15 36 24 27
0.040965153196 15 36 25 26
-0.040965153196 15 36 26 25
0.0136550510653 15 36 27 24
-0.040965153196 15 36 28 23
0.0136550510653 15 36 29 22
-0.020482576598 15 36 30 21
0.020482576598 15 36 31 20
-0.040965153196 15 36 32 19
0.0136550510653 15 36 33 18
-0.040965153196 15 36 34 17
0.0136550510653 15 36 35 16
0.010241288299 15 36 37 14
-0.010241288299 15 37 15 37
0.0273101021307 15 37 17 35
0.0273101021307 15 37 19 33
0.0273101021307 15 37 23 29
0.0273101021307 15 37 25 27
-0.0273101021307 15 37 27 25
-0.0273101021307 15 37 29 23
-0.0273101021307 15 37 33 19
-0.0273101021307 15 37 35 17
0.010241288299 15 37 37 15
0.040965153196 16 14 14 16
-0.040965153196 16 14 16 14
0.040965153196 16 15 14 17
-0.040965153196 16 15 17 14
-0.020482576598 16 18 16 18
0.020482576598 16 18 18 16
0.040965153196 16 19 14 21
-0.040965153196 16 19 15 20
-0.020482576598 16 19 17 18
0.020482576598 16 19 18 17
0.040965153196 16 19 20 15
-0.040965153196 16 19 21 14
-0.040965153196 16 20 16 20
0.040965153196 16 20 20 16
-0.040965153196 16 21 17 20
0.040965153196 16 21 20 17
-0.040965153196 16 22 16 22
0.040965153196 16 22 22 16
-0.040965153196 16 23 17 22
0.040965153196 16 23 22 17
-0.0136550510653 16 24 16 24
-0.020482576598 16 24 18 22
0.020482576598 16 24 22 18
0.0136550510653 16 24 24 16
-0.0136550510653 16 25 17 24
0.020482576598 16 25 18 23
-0.040965153196 16 25 19 22
0.040965153196 16 25 22 19
-0.020482576598 16 25 23 18
0.0136550510653 16 25 24 17
-0.040965153196 16 26 16 26
0.040965153196 16 26 26 16
-0.040965153196 16 27 17 26
0.040965153196 16 27 26 17
-0.0136550510653 16 28 16 28
-0.020482576598 16 28 18 26
0.020482576598 16 28 26 18
0.0136550510653 16 28 28 16
-0.0136550510653 16 29 17 28
0.020482576598 16 29 18 27
-0.040965153196 16 29 19 26
0.040965153196 16 29 26 19
-0.020482576598 16 29 27 18
0.0136550510653 16 29 28 17
0.020482576598 16 30 14 32
-0.0136550510653 16 30 16 30
0.0136550510653 16 30 30 16
-0.020482576598 16 30 32 14
0.040965153196 16 31 14 33
-0.020482576598 16 31 15 32
-0.0136550510653 16 31 17 30
0.0136550510653 16 31 30 17
0.020482576598 16 31 32 15
-0.040965153196 16 31 33 14
-0.020482576598 16 32 16 32
0.020482576598 16 32 32 16
-0.020482576598 16 33 17 32
0.040965153196 16 33 22 27
-0.040965153196 16 33 23 26
0.040965153196 16 33 26 23
-0.040965153196 16 33 27 22
0.020482576598 16 33 32 17
0.0273101021307 16 34 14 36
-0.010241288299 16 34 16 34
0.0273101021307 16 34 20 30
0.0273101021307 16 34 22 28
-0.0273101021307 16 34 24 26
0.0273101021307 16 34 26 24
-0.0273101021307 16 34 28 22
-0.0273101021307 16 34 30 20
0.010241288299 16 34 34 16
-0.0273101021307 16 34 36 14
0.040965153196 16 35 14 37
-0.0136550510653 16 35 15 36
-0.010241288299 16 35 17 34
0.020482576598 16 35 18 33
-0.020482576598 16 35 19 32
0.040965153196 16 35 20 31
-0.0136550510653 16 35 21 30
0.040965153196 16 35 22 29
-0.0136550510653 16 35 23 28
0.0136550510653 16 35 24 27
-0.040965153196 16 35 25 26
0.040965153196 16 35 26 25
-0.0136550510653 16 35 27 24
0.0136550510653 16 35 28 23
-0.040965153196 16 35 29 22
0.0136550510653 16 35 30 21
-0.040965153196 16 35 31 20
0.020482576598 16 35 32 19
-0.020482576598 16 35 33 18
0.010241288299 16 35 34 17
0.0136550510653 16 35 36 15
-0.040965153196 16 35 37 14
-0.0136550510653 16 36 16 36
0.020482576598 16 36 20 32
-0.020482576598 16 36 32 20
0.0136550510653 16 36 36 16
-0.0136550510653 16 37 17 36
0.040965153196 16 37 20 33
-0.020482576598 16 37 21 32
0.020482576598 16 37 32 21
-0.040965153196 16 37 33 20
0.0136550510653 16 37 36 17
0.040965153196 17 14 15 16
-0.040965153196 17 14 16 15
0.040965153196 17 15 15 17
-0.040965153196 17 15 17 15
-0.040965153196 17 18 14 21
0.040965153196 17 18 15 20
-0.020482576598 17 18 16 19
0.020482576598 17 18 19 16
-0.040965153196 17 18 20 15
0.040965153196 17 18 21 14
-0.020482576598 17 19 17 19
0.020482576598 17 19 19 17
-0.040965153196 17 20 16 21
0.040965153196 17 20 21 16
-0.040965153196 17 21 17 21
0.040965153196 17 21 21 17
-0.040965153196 17 22 16 23
0.040965153196 17 22 23 16
-0.040965153196 17 23 17 23
0.040965153196 17 23 23 17
-0.0136550510653 17 24 16 25
-0.040965153196 17 24 18 23
0.020482576598 17 24 19 22
-0.020482576598 17 24 22 19
0.040965153196 17 24 23 18
0.0136550510653 17 24 25 16
-0.0136550510653 17 25 17 25
-0.020482576598 17 25 19 23
0.020482576598 17 25 23 19
0.0136550510653 17 25 25 17
-0.040965153196 17 26 16 27
0.040965153196 17 26 27 16
-0.040965153196 17 27 17 27
0.040965153196 17 27 27 17
-0.0136550510653 17 28 16 29
-0.040965153196 17 28 18 27
0.020482576598 17 28 19 26
-0.020482576598 17 28 26 19
0.040965153196 17 28 27 18
0.0136550510653 17 28 29 16
-0.0136550510653 17 29 17 29
-0.020482576598 17 29 19 27
0.020482576598 17 29 27 19
0.0136550510653 17 29 29 17
-0.020482576598 17 30 14 33
0.040965153196 17 30 15 32
-0.0136550510653 17 30 16 31
0.0136550510653 17 30 31 16
-0.040965153196 17 30 32 15
0.020482576598 17 30 33 14
0.020482576598 17 31 15 33
-0.0136550510653 17 31 17 31
0.0136550510653 17 31 31 17
-0.020482576598 17 31 33 15
-0.020482576598 17 32 16 33
-0.040965153196 17 32 22 27
0.040965153196 17 32 23 26
-0.040965153196 17 32 26 23
0.040965153196 17 32 27 22
0.020482576598 17 32 33 16
-0.020482576598 17 33 17 33
0.020482576598 17 33 33 17
-0.0136550510653 17 34 14 37
0.040965153196 17 34 15 36
-0.010241288299 17 34 16 35
-0.020482576598 17 34 18 33
0.020482576598 17 34 19 32
-0.0136550510653 17 34 20 31
0.040965153196 17 34 21 30
-0.0136550510653 17 34 22 29
0.040965153196 17 34 23 28
-0.040965153196 17 34 24 27
0.0136550510653 17 34 25 26
-0.0136550510653 17 34 26 25
0.040965153196 17 34 27 24
-0.040965153196 17 34 28 23
0.0136550510653 17 34 29 22
-0.040965153196 17 34 30 21
0.0136550510653 17 34 31 20
-0.020482576598 17 34 32 19
0.020482576598 17 34 33 18
0.010241288299 17 34 35 16
-0.040965153196 17 34 36 15
0.0136550510653 17 34 37 14
0.0273101021307 17 35 15 37
-0.010241288299 17 35 17 35
0.0273101021307 17 35 21 31
0.0273101021307 17 35 23 29
-0.0273101021307 17 35 25 27
0.0273101021307 17 35 27 25
-0.0273101021307 17 35 29 23
-0.0273101021307 17 35 31 21
0.010241288299 17 35 35 17
-0.0273101021307 17 35 37 15
-0.0136550510653 17 36 16 37
-0.020482576598 17 36 20 33
0.040965153196 17 36 21 32
-0.040965153196 17 36 32 21
0.020482576598 17 36 33 20
0.0136550510653 17 36 37 16
-0.0136550510653 17 37 17 37
0.020482576598 17 37 21 33
-0.020482576598 17 37 33 21
0.0136550510653 17 37 37 17
0.040965153196 18 14 14 18
-0.040965153196 18 14 18 14
0.040965153196 18 15 14 19
-0.040965153196 18 15 19 14
0.020482576598 18 16 16 18
-0.020482576598 18 16 18 16
0.040965153196 18 17 14 21
-0.040965153196 18 17 15 20
0.020482576598 18 17 16 19
-0.020482576598 18 17 19 16
0.040965153196 18 17 20 15
-0.040965153196 18 17 21 14
-0.040965153196 18 20 18 20
0.040965153196 18 20 20 18
-0.040965153196 18 21 19 20
0.040965153196 18 21 20 19
-0.020482576598 18 22 16 24
-0.0136550510653 18 22 18 22
0.0136550510653 18 22 22 18
0.020482576598 18 22 24 16
0.020482576598 18 23 16 25
-0.040965153196 18 23 17 24
-0.0136550510653 18 23 19 22
0.0136550510653 18 23 22 19
0.040965153196 18 23 24 17
-0.020482576598 18 23 25 16
-0.040965153196 18 24 18 24
0.040965153196 18 24 24 18
-0.040965153196 18 25 19 24
0.040965153196 18 25 24 19
-0.020482576598 18 26 16 28
-0.0136550510653 18 26 18 26
0.0136550510653 18 26 26 18
0.020482576598 18 26 28 16
0.020482576598 18 27 16 29
-0.040965153196 18 27 17 28
-0.0136550510653 18 27 19 26
0.0136550510653 18 27 26 19
0.040965153196 18 27 28 17
-0.020482576598 18 27 29 16
-0.040965153196 18 28 18 28
0.040965153196 18 28 28 18
-0.040965153196 18 29 19 28
0.040965153196 18 29 28 19
0.020482576598 18 30 14 34
-0.0136550510653 18 30 18 30
0.0136550510653 18 30 30 18
-0.020482576598 18 30 34 14
0.040965153196 18 31 14 35
-0.020482576598 18 31 15 34
-0.0136550510653 18 31 19 30
0.0136550510653 18 31 30 19
0.020482576598 18 31 34 15
-0.040965153196 18 31 35 14
0.0273101021307 18 32 14 36
-0.010241288299 18 32 18 32
0.0273101021307 18 32 20 30
-0.0273101021307 18 32 22 28
0.0273101021307 18 32 24 26
-0.0273101021307 18 32 26 24
0.0273101021307 18 32 28 22
-0.0273101021307 18 32 30 20
0.010241288299 18 32 32 18
-0.0273101021307 18 32 36 14
0.040965153196 18 33 14 37
-0.0136550510653 18 33 15 36
0.020482576598 18 33 16 35
-0.020482576598 18 33 17 34
-0.010241288299 18 33 19 32
0.040965153196 18 33 20 31
-0.0136550510653 18 33 21 30
0.0136550510653 18 33 22 29
-0.040965153196 18 33 23 28
0.040965153196 18 33 24 27
-0.0136550510653 18 33 25 26
0.0136550510653 18 33 26 25
-0.040965153196 18 33 27 24
0.040965153196 18 33 28 23
-0.0136550510653 18 33 29 22
0.0136550510653 18 33 30 21
-0.040965153196 18 33 31 20
0.010241288299 18 33 32 19
0.020482576598 18 33 34 17
-0.020482576598 18 33 35 16
0.0136550510653 18 33 36 15
-0.040965153196 18 33 37 14
-0.020482576598 18 34 18 34
0.020482576598 18 34 34 18
-0.020482576598 18 35 19 34
0.040965153196 18 35 24 29
-0.040965153196 18 35 25 28
0.040965153196 18 35 28 25
-0.040965153196 18 35 29 24
0.020482576598 18 35 34 19
-0.0136550510653 18 36 18 36
0.020482576598 18 36 20 34
-0.020482576598 18 36 34 20
0.0136550510653 18 36 36 18
-0.0136550510653 18 37 19 36
0.040965153196 18 37 20 35
-0.020482576598 18 37 21 34
0.020482576598 18 37 34 21
-0.040965153196 18 37 35 20
0.0136550510653 18 37 36 19
0.040965153196 19 14 15 18
-0.040965153196 19 14 18 15
0.040965153196 19 15 15 19
-0.040965153196 19 15 19 15
-0.040965153196 19 16 14 21
0.040965153196 19 16 15 20
0.020482576598 19 16 17 18
-0.020482576598 19 16 18 17
-0.040965153196 19 16 20 15
0.040965153196 19 16 21 14
0.020482576598 19 17 17 19
-0.020482576598 19 17 19 17
-0.040965153196 19 20 18 21
0.040965153196 19 20 21 18
-0.040965153196 19 21 19 21
0.040965153196 19 21 21 19
-0.040965153196 19 22 16 25
0.020482576598 19 22 17 24
-0.0136550510653 19 22 18 23
0.0136550510653 19 22 23 18
-0.020482576598 19 22 24 17
0.040965153196 19 22 25 16
-0.020482576598 19 23 17 25
-0.0136550510653 19 23 19 23
0.0136550510653 19 23 23 19
0.020482576598 19 23 25 17
-0.040965153196 19 24 18 25
0.040965153196 19 24 25 18
-0.040965153196 19 25 19 25
0.040965153196 19 25 25 19
-0.040965153196 19 26 16 29
0.020482576598 19 26 17 28
-0.0136550510653 19 26 18 27
0.0136550510653 19 26 27 18
-0.020482576598 19 26 28 17
0.040965153196 19 26 29 16
-0.020482576598 19 27 17 29
-0.0136550510653 19 27 19 27
0.0136550510653 19 27 27 19
0.020482576598 19 27 29 17
-0.040965153196 19 28 18 29
0.040965153196 19 28 29 18
-0.040965153196 19 29 19 29
0.040965153196 19 29 29 19
-0.020482576598 19 30 14 35
0.040965153196 19 30 15 34
-0.0136550510653 19 30 18 31
0.0136550510653 19 30 31 18
-0.040965153196 19 30 34 15
0.020482576598 19 30 35 14
0.020482576598 19 31 15 35
-0.0136550510653 19 31 19 31
0.0136550510653 19 31 31 19
-0.020482576598 19 31 35 15
-0.0136550510653 19 32 14 37
0.040965153196 19 32 15 36
-0.020482576598 19 32 16 35
0.020482576598 19 32 17 34
-0.010241288299 19 32 18 33
-0.0136550510653 19 32 20 31
0.040965153196 19 32 21 30
-0.040965153196 19 32 22 29
0.0136550510653 19 32 23 28
-0.0136550510653 19 32 24 27
0.040965153196 19 32 25 26
-0.040965153196 19 32 26 25
0.0136550510653 19 32 27 24
-0.0136550510653 19 32 28 23
0.040965153196 19 32 29 22
-0.040965153196 19 32 30 21
0.0136550510653 19 32 31 20
0.010241288299 19 32 33 18
-0.020482576598 19 32 34 17
0.020482576598 19 32 35 16
-0.040965153196 19 32 36 15
0.0136550510653 19 32 37 14
0.0273101021307 19 33 15 37
-0.010241288299 19 33 19 33
0.0273101021307 19 33 21 31
-0.0273101021307 19 33 23 29
0.0273101021307 19 33 25 27
-0.0273101021307 19 33 27 25
0.0273101021307 19 33 29 23
-0.0273101021307 19 33 31 21
0.010241288299 19 33 33 19
-0.0273101021307 19 33 37 15
-0.020482576598 19 34 18 35
-0.040965153196 19 34 24 29
0.040965153196 19 34 25 28
-0.040965153196 19 34 28 25
0.040965153196 19 34 29 24
0.020482576598 19 34 35 18
-0.020482576598 19 35 19 35
0.020482576598 19 35 35 19
-0.0136550510653 19 36 18 37
-0.020482576598 19 36 20 35
0.040965153196 19 36 21 34
-0.040965153196 19 36 34 21
0.020482576598 19 36 35 20
0.0136550510653 19 36 37 18
-0.0136550510653 19 37 19 37
0.020482576598 19 37 21 35
-0.020482576598 19 37 35 21
0.0136550510653 19 37 37 19
0.020482576598 20 14 14 20
-0.020482576598 20 14 20 14
0.020482576598 20 15 14 21
0.040965153196 20 15 16 19
-0.040965153196 20 15 17 18
0.040965153196 20 15 18 17
-0.040965153196 20 15 19 16
-0.020482576598 20 15 21 14
0.040965153196 20 16 16 20
-0.040965153196 20 16 20 16
0.040965153196 20 17 16 21
-0.040965153196 20 17 21 16
0.040965153196 20 18 18 20
-0.040965153196 20 18 20 18
0.040965153196 20 19 18 21
-0.040965153196 20 19 21 18
-0.020482576598 20 22 14 26
-0.0136550510653 20 22 20 22
0.0136550510653 20 22 22 20
0.020482576598 20 22 26 14
0.020482576598 20 23 14 27
-0.040965153196 20 23 15 26
-0.0136550510653 20 23 21 22
0.0136550510653 20 23 22 21
0.040965153196 20 23 26 15
-0.020482576598 20 23 27 14
-0.020482576598 20 24 14 28
-0.0136550510653 20 24 20 24
0.0136550510653 20 24 24 20
0.020482576598 20 24 28 14
0.020482576598 20 25 14 29
-0.040965153196 20 25 15 28
-0.0136550510653 20 25 21 24
0.0136550510653 20 25 24 21
0.040965153196 20 25 28 15
-0.020482576598 20 25 29 14
-0.040965153196 20 26 20 26
0.040965153196 20 26 26 20
-0.040965153196 20 27 21 26
0.040965153196 20 27 26 21
-0.040965153196 20 28 20 28
0.040965153196 20 28 28 20
-0.040965153196 20 29 21 28
0.040965153196 20 29 28 21
0.0273101021307 20 30 16 34
0.0273101021307 20 30 18 32
-0.010241288299 20 30 20 30
-0.0273101021307 20 30 22 28
-0.0273101021307 20 30 24 26
0.0273101021307 20 30 26 24
0.0273101021307 20 30 28 22
0.010241288299 20 30 30 20
-0.0273101021307 20 30 32 18
-0.0273101021307 20 30 34 16
0.020482576598 20 31 14 37
-0.020482576598 20 31 15 36
0.040965153196 20 31 16 35
-0.0136550510653 20 31 17 34
0.040965153196 20 31 18 33
-0.0136550510653 20 31 19 32
-0.010241288299 20 31 21 30
0.0136550510653 20 31 22 29
-0.040965153196 20 31 23 28
0.0136550510653 20 31 24 27
-0.040965153196 20 31 25 26
0.040965153196 20 31 26 25
-0.0136550510653 20 31 27 24
0.040965153196 20 31 28 23
-0.0136550510653 20 31 29 22
0.010241288299 20 31 30 21
0.0136550510653 20 31 32 19
-0.040965153196 20 31 33 18
0.0136550510653 20 31 34 17
-0.040965153196 20 31 35 16
0.020482576598 20 31 36 15
-0.020482576598 20 31 37 14
0.020482576598 20 32 16 36
-0.0136550510653 20 32 20 32
0.0136550510653 20 32 32 20
-0.020482576598 20 32 36 16
0.040965153196 20 33 16 37
-0.020482576598 20 33 17 36
-0.0136550510653 20 33 21 32
0.0136550510653 20 33 32 21
0.020482576598 20 33 36 17
-0.040965153196 20 33 37 16
0.020482576598 20 34 18 36
-0.0136550510653 20 34 20 34
0.0136550510653 20 34 34 20
-0.020482576598 20 34 36 18
0.040965153196 20 35 18 37
-0.020482576598 20 35 19 36
-0.0136550510653 20 35 21 34
0.0136550510653 20 35 34 21
0.020482576598 20 35 36 19
-0.040965153196 20 35 37 18
-0.020482576598 20 36 20 36
0.020482576598 20 36 36 20
-0.020482576598 20 37 21 36
0.040965153196 20 37 26 29
-0.040965153196 20 37 27 28
0.040965153196 20 37 28 27
-0.040965153196 20 37 29 26
0.020482576598 20 37 36 21
0.020482576598 21 14 15 20
-0.040965153196 21 14 16 19
0.040965153196 21 14 17 18
-0.040965153196 21 14 18 17
0.040965153196 21 14 19 16
-0.020482576598 21 14 20 15
0.020482576598 21 15 15 21
-0.020482576598 21 15 21 15
0.040965153196 21 16 17 20
-0.040965153196 21 16 20 17
0.040965153196 21 17 17 21
-0.040965153196 21 17 21 17
0.040965153196 21 18 19 20
-0.040965153196 21 18 20 19
0.040965153196 21 19 19 21
-0.040965153196 21 19 21 19
-0.040965153196 21 22 14 27
0.020482576598 21 22 15 26
-0.0136550510653 21 22 20 23
0.0136550510653 21 22 23 20
-0.020482576598 21 22 26 15
0.040965153196 21 22 27 14
-0.020482576598 21 23 15 27
-0.0136550510653 21 23 21 23
0.0136550510653 21 23 23 21
0.020482576598 21 23 27 15
-0.040965153196 21 24 14 29
0.020482576598 21 24 15 28
-0.0136550510653 21 24 20 25
0.0136550510653 21 24 25 20
-0.020482576598 21 24 28 15
0.040965153196 21 24 29 14
-0.020482576598 21 25 15 29
-0.0136550510653 21 25 21 25
0.0136550510653 21 25 25 21
0.020482576598 21 25 29 15
-0.040965153196 21 26 20 27
0.040965153196 21 26 27 20
-0.040965153196 21 27 21 27
0.040965153196 21 27 27 21
-0.040965153196 21 28 20 29
0.040965153196 21 28 29 20
-0.040965153196 21 29 21 29
0.040965153196 21 29 29 21
-0.020482576598 21 30 14 37
0.020482576598 21 30 15 36
-0.0136550510653 21 30 16 35
0.040965153196 21 30 17 34
-0.0136550510653 21 30 18 33
0.040965153196 21 30 19 32
-0.010241288299 21 30 20 31
-0.040965153196 21 30 22 29
0.0136550510653 21 30 23 28
-0.040965153196 21 30 24 27
0.0136550510653 21 30 25 26
-0.0136550510653 21 30 26 25
0.040965153196 21 30 27 24
-0.0136550510653 21 30 28 23
0.040965153196 21 30 29 22
0.010241288299 21 30 31 20
-0.040965153196 21 30 32 19
0.0136550510653 21 30 33 18
-0.040965153196 21 30 34 17
0.0136550510653 21 30 35 16
-0.020482576598 21 30 36 15
0.020482576598 21 30 37 14
0.0273101021307 21 31 17 35
0.0273101021307 21 31 19 33
-0.010241288299 21 31 21 31
-0.0273101021307 21 31 23 29
-0.0273101021307 21 31 25 27
0.0273101021307 21 31 27 25
0.0273101021307 21 31 29 23
0.010241288299 21 31 31 21
-0.0273101021307 21 31 33 19
-0.0273101021307 21 31 35 17
-0.020482576598 21 32 16 37
0.040965153196 21 32 17 36
-0.0136550510653 21 32 20 33
0.0136550510653 21 32 33 20
-0.040965153196 21 32 36 17
0.020482576598 21 32 37 16
0.020482576598 21 33 17 37
-0.0136550510653 21 33 21 33
0.0136550510653 21 33 33 21
-0.020482576598 21 33 37 17
-0.020482576598 21 34 18 37
0.040965153196 21 34 19 36
-0.0136550510653 21 34 20 35
0.0136550510653 21 34 35 20
-0.040965153196 21 34 36 19
0.020482576598 21 34 37 18
0.020482576598 21 35 19 37
-0.0136550510653 21 35 21 35
0.0136550510653 21 35 35 21
-0.020482576598 21 35 37 19
-0.020482576598 21 36 20 37
-0.040965153196 21 36 26 29
0.040965153196 21 36 27 28
-0.040965153196 21 36 28 27
0.040965153196 21 36 29 26
0.020482576598 21 36 37 20
-0.020482576598 21 37 21 37
0.020482576598 21 37 37 21
0.040965153196 22 14 14 22
-0.040965153196 22 14 22 14
0.040965153196 22 15 14 23
-0.040965153196 22 15 23 14
0.040965153196 22 16 16 22
-0.040965153196 22 16 22 16
0.040965153196 22 17 16 23
-0.040965153196 22 17 23 16
0.020482576598 22 18 16 24
0.0136550510653 22 18 18 22
-0.0136550510653 22 18 22 18
-0.020482576598 22 18 24 16
0.040965153196 22 19 16 25
-0.020482576598 22 19 17 24
0.0136550510653 22 19 18 23
-0.0136550510653 22 19 23 18
0.020482576598 22 19 24 17
-0.040965153196 22 19 25 16
0.020482576598 22 20 14 26
0.0136550510653 22 20 20 22
-0.0136550510653 22 20 22 20
-0.020482576598 22 20 26 14
0.040965153196 22 21 14 27
-0.020482576598 22 21 15 26
0.0136550510653 22 21 20 23
-0.0136550510653 22 21 23 20
0.020482576598 22 21 26 15
-0.040965153196 22 21 27 14
-0.020482576598 22 24 22 24
0.020482576598 22 24 24 22
0.040965153196 22 25 14 31
-0.040965153196 22 25 15 30
-0.020482576598 22 25 23 24
0.020482576598 22 25 24 23
0.040965153196 22 25 30 15
-0.040965153196 22 25 31 14
-0.020482576598 22 26 22 26
0.020482576598 22 26 26 22
0.040965153196 22 27 16 33
-0.040965153196 22 27 17 32
-0.020482576598 22 27 23 26
0.020482576598 22 27 26 23
0.040965153196 22 27 32 17
-0.040965153196 22 27 33 16
0.0273101021307 22 28 14 36
0.0273101021307 22 28 16 34
-0.0273101021307 22 28 18 32
-0.0273101021307 22 28 20 30
-0.010241288299 22 28 22 28
0.010241288299 22 28 28 22
0.0273101021307 22 28 30 20
0.0273101021307 22 28 32 18
-0.0273101021307 22 28 34 16
-0.0273101021307 22 28 36 14
0.040965153196 22 29 14 37
-0.0136550510653 22 29 15 36
0.040965153196 22 29 16 35
-0.0136550510653 22 29 17 34
0.0136550510653 22 29 18 33
-0.040965153196 22 29 19 32
0.0136550510653 22 29 20 31
-0.040965153196 22 29 21 30
-0.010241288299 22 29 23 28
0.020482576598 22 29 24 27
-0.020482576598 22 29 25 26
0.020482576598 22 29 26 25
-0.020482576598 22 29 27 24
0.010241288299 22 29 28 23
0.040965153196 22 29 30 21
-0.0136550510653 22 29 31 20
0.040965153196 22 29 32 19
-0.0136550510653 22 29 33 18
0.0136550510653 22 29 34 17
-0.040965153196 22 29 35 16
0.0136550510653 22 29 36 15
-0.040965153196 22 29 37 14
-0.040965153196 22 30 22 30
0.040965153196 22 30 30 22
-0.040965153196 22 31 23 30
0.040965153196 22 31 30 23
-0.040965153196 22 32 22 32
0.040965153196 22 32 32 22
-0.040965153196 22 33 23 32
0.040965153196 22 33 32 23
-0.0136550510653 22 34 22 34
-0.020482576598 22 34 24 32
0.020482576598 22 34 32 24
0.0136550510653 22 34 34 22
-0.0136550510653 22 35 23 34
0.020482576598 22 35 24 33
-0.040965153196 22 35 25 32
0.040965153196 22 35 32 25
-0.020482576598 22 35 33 24
0.0136550510653 22 35 34 23
-0.0136550510653 22 36 22 36
-0.020482576598 22 36 26 30
0.020482576598 22 36 30 26
0.0136550510653 22 36 36 22
-0.0136550510653 22 37 23 36
0.020482576598 22 37 26 31
-0.040965153196 22 37 27 30
0.040965153196 22 37 30 27
-0.020482576598 22 37 31 26
0.0136550510653 22 37 36 23
0.040965153196 23 14 15 22
-0.040965153196 23 14 22 15
0.040965153196 23 15 15 23
-0.040965153196 23 15 23 15
0.040965153196 23 16 17 22
-0.040965153196 23 16 22 17
0.040965153196 23 17 17 23
-0.040965153196 23 17 23 17
-0.020482576598 23 18 16 25
0.040965153196 23 18 17 24
0.0136550510653 23 18 19 22
-0.0136550510653 23 18 22 19
-0.040965153196 23 18 24 17
0.020482576598 23 18 25 16
0.020482576598 23 19 17 25
0.0136550510653 23 19 19 23
-0.0136550510653 23 19 23 19
-0.020482576598 23 19 25 17
-0.020482576598 23 20 14 27
0.040965153196 23 20 15 26
0.0136550510653 23 20 21 22
-0.0136550510653 23 20 22 21
-0.040965153196 23 20 26 15
0.020482576598 23 20 27 14
0.020482576598 23 21 15 27
0.0136550510653 23 21 21 23
-0.0136550510653 23 21 23 21
-0.020482576598 23 21 27 15
-0.040965153196 23 24 14 31
0.040965153196 23 24 15 30
-0.020482576598 23 24 22 25
0.020482576598 23 24 25 22
-0.040965153196 23 24 30 15
0.040965153196 23 24 31 14
-0.020482576598 23 25 23 25
0.020482576598 23 25 25 23
-0.040965153196 23 26 16 33
0.040965153196 23 26 17 32
-0.020482576598 23 26 22 27
0.020482576598 23 26 27 22
-0.040965153196 23 26 32 17
0.040965153196 23 26 33 16
-0.020482576598 23 27 23 27
0.020482576598 23 27 27 23
-0.0136550510653 23 28 14 37
0.040965153196 23 28 15 36
-0.0136550510653 23 28 16 35
0.040965153196 23 28 17 34
-0.040965153196 23 28 18 33
0.0136550510653 23 28 19 32
-0.040965153196 23 28 20 31
0.0136550510653 23 28 21 30
-0.010241288299 23 28 22 29
-0.020482576598 23 28 24 27
0.020482576598 23 28 25 26
-0.020482576598 23 28 26 25
0.020482576598 23 28 27 24
0.010241288299 23 28 29 22
-0.0136550510653 23 28 30 21
0.040965153196 23 28 31 20
-0.0136550510653 23 28 32 19
0.040965153196 23 28 33 18
-0.040965153196 23 28 34 17
0.0136550510653 23 28 35 16
-0.040965153196 23 28 36 15
0.0136550510653 23 28 37 14
0.0273101021307 23 29 15 37
0.0273101021307 23 29 17 35
-0.0273101021307 23 29 19 33
-0.0273101021307 23 29 21 31
-0.010241288299 23 29 23 29
0.010241288299 23 29 29 23
0.0273101021307 23 29 31 21
0.0273101021307 23 29 33 19
-0.0273101021307 23 29 35 17
-0.0273101021307 23 29 37 15
-0.040965153196 23 30 22 31
0.040965153196 23 30 31 22
-0.040965153196 23 31 23 31
0.040965153196 23 31 31 23
-0.040965153196 23 32 22 33
0.040965153196 23 32 33 22
-0.040965153196 23 33 23 33
0.040965153196 23 33 33 23
-0.0136550510653 23 34 22 35
-0.040965153196 23 34 24 33
0.020482576598 23 34 25 32
-0.020482576598 23 34 32 25
0.040965153196 23 34 33 24
0.0136550510653 23 34 35 22
-0.0136550510653 23 35 23 35
-0.020482576598 23 35 25 33
0.020482576598 23 35 33 25
0.0136550510653 23 35 35 23
-0.0136550510653 23 36 22 37
-0.040965153196 23 36 26 31
0.020482576598 23 36 27 30
-0.020482576598 23 36 30 27
0.040965153196 23 36 31 26
0.0136550510653 23 36 37 22
-0.0136550510653 23 37 23 37
-0.020482576598 23 37 27 31
0.020482576598 23 37 31 27
0.0136550510653 23 37 37 23
0.040965153196 24 14 14 24
-0.040965153196 24 14 24 14
0.040965153196 24 15 14 25
-0.040965153196 24 15 25 14
0.0136550510653 24 16 16 24
0.020482576598 24 16 18 22
-0.020482576598 24 16 22 18
-0.0136550510653 24 16 24 16
0.0136550510653 24 17 16 25
0.040965153196 24 17 18 23
-0.020482576598 24 17 19 22
0.020482576598 24 17 22 19
-0.040965153196 24 17 23 18
-0.0136550510653 24 17 25 16
0.040965153196 24 18 18 24
-0.040965153196 24 18 24 18
0.040965153196 24 19 18 25
-0.040965153196 24 19 25 18
0.020482576598 24 20 14 28
0.0136550510653 24 20 20 24
-0.0136550510653 24 20 24 20
-0.020482576598 24 20 28 14
0.040965153196 24 21 14 29
-0.020482576598 24 21 15 28
0.0136550510653 24 21 20 25
-0.0136550510653 24 21 25 20
0.020482576598 24 21 28 15
-0.040965153196 24 21 29 14
0.020482576598 24 22 22 24
-0.020482576598 24 22 24 22
0.040965153196 24 23 14 31
-0.040965153196 24 23 15 30
0.020482576598 24 23 22 25
-0.020482576598 24 23 25 22
0.040965153196 24 23 30 15
-0.040965153196 24 23 31 14
0.0273101021307 24 26 14 36
-0.0273101021307 24 26 16 34
0.0273101021307 24 26 18 32
-0.0273101021307 24 26 20 30
-0.010241288299 24 26 24 26
0.010241288299 24 26 26 24
0.0273101021307 24 26 30 20
-0.0273101021307 24 26 32 18
0.0273101021307 24 26 34 16
-0.0273101021307 24 26 36 14
0.040965153196 24 27 14 37
-0.0136550510653 24 27 15 36
0.0136550510653 24 27 16 35
-0.040965153196 24 27 17 34
0.040965153196 24 27 18 33
-0.0136550510653 24 27 19 32
0.0136550510653 24 27 20 31
-0.040965153196 24 27 21 30
0.020482576598 24 27 22 29
-0.020482576598 24 27 23 28
-0.010241288299 24 27 25 26
0.010241288299 24 27 26 25
0.020482576598 24 27 28 23
-0.020482576598 24 27 29 22
0.040965153196 24 27 30 21
-0.0136550510653 24 27 31 20
0.0136550510653 24 27 32 19
-0.040965153196 24 27 33 18
0.040965153196 24 27 34 17
-0.0136550510653 24 27 35 16
0.0136550510653 24 27 36 15
-0.040965153196 24 27 37 14
-0.020482576598 24 28 24 28
0.020482576598 24 28 28 24
0.040965153196 24 29 18 35
-0.040965153196 24 29 19 34
-0.020482576598 24 29 25 28
0.020482576598 24 29 28 25
0.040965153196 24 29 34 19
-0.040965153196 24 29 35 18
-0.040965153196 24 30 24 30
0.040965153196 24 30 30 24
-0.040965153196 24 31 25 30
0.040965153196 24 31 30 25
-0.020482576598 24 32 22 34
-0.0136550510653 24 32 24 32
0.0136550510653 24 32 32 24
0.020482576598 24 32 34 22
0.020482576598 24 33 22 35
-0.040965153196 24 33 23 34
-0.0136550510653 24 33 25 32
0.0136550510653 24 33 32 25
0.040965153196 24 33 34 23
-0.020482576598 24 33 35 22
-0.040965153196 24 34 24 34
0.040965153196 24 34 34 24
-0.040965153196 24 35 25 34
0.040965153196 24 35 34 25
-0.0136550510653 24 36 24 36
-0.020482576598 24 36 28 30
0.020482576598 24 36 30 28
0.0136550510653 24 36 36 24
-0.0136550510653 24 37 25 36
0.020482576598 24 37 28 31
-0.040965153196 24 37 29 30
0.040965153196 24 37 30 29
-0.020482576598 24 37 31 28
0.0136550510653 24 37 36 25
0.040965153196 25 14 15 24
-0.040965153196 25 14 24 15
0.040965153196 25 15 15 25
-0.040965153196 25 15 25 15
0.0136550510653 25 16 17 24
-0.020482576598 25 16 18 23
0.040965153196 25 16 19 22
-0.040965153196 25 16 22 19
0.020482576598 25 16 23 18
-0.0136550510653 25 16 24 17
0.0136550510653 25 17 17 25
0.020482576598 25 17 19 23
-0.020482576598 25 17 23 19
-0.0136550510653 25 17 25 17
0.040965153196 25 18 19 24
-0.040965153196 25 18 24 19
0.040965153196 25 19 19 25
-0.040965153196 25 19 25 19
-0.020482576598 25 20 14 29
0.040965153196 25 20 15 28
0.0136550510653 25 20 21 24
-0.0136550510653 25 20 24 21
-0.040965153196 25 20 28 15
0.020482576598 25 20 29 14
0.020482576598 25 21 15 29
0.0136550510653 25 21 21 25
-0.0136550510653 25 21 25 21
-0.020482576598 25 21 29 15
-0.040965153196 25 22 14 31
0.040965153196 25 22 15 30
0.020482576598 25 22 23 24
-0.020482576598 25 22 24 23
-0.040965153196 25 22 30 15
0.040965153196 25 22 31 14
0.020482576598 25 23 23 25
-0.020482576598 25 23 25 23
-0.0136550510653 25 26 14 37
0.040965153196 25 26 15 36
-0.040965153196 25 26 16 35
0.0136550510653 25 26 17 34
-0.0136550510653 25 26 18 33
0.040965153196 25 26 19 32
-0.040965153196 25 26 20 31
0.0136550510653 25 26 21 30
-0.020482576598 25 26 22 29
0.020482576598 25 26 23 28
-0.010241288299 25 26 24 27
0.010241288299 25 26 27 24
-0.020482576598 25 26 28 23
0.020482576598 25 26 29 22
-0.0136550510653 25 26 30 21
0.040965153196 25 26 31 20
-0.040965153196 25 26 32 19
0.0136550510653 25 26 33 18
-0.0136550510653 25 26 34 17
0.040965153196 25 26 35 16
-0.040965153196 25 26 36 15
0.0136550510653 25 26 37 14
0.0273101021307 25 27 15 37
-0.0273101021307 25 27 17 35
0.0273101021307 25 27 19 33
-0.0273101021307 25 27 21 31
-0.010241288299 25 27 25 27
0.010241288299 25 27 27 25
0.0273101021307 25 27 31 21
-0.0273101021307 25 27 33 19
0.0273101021307 25 27 35 17
-0.0273101021307 25 27 37 15
-0.040965153196 25 28 18 35
0.040965153196 25 28 19 34
-0.020482576598 25 28 24 29
0.020482576598 25 28 29 24
-0.040965153196 25 28 34 19
0.040965153196 25 28 35 18
-0.020482576598 25 29 25 29
0.020482576598 25 29 29 25
-0.040965153196 25 30 24 31
0.040965153196 25 30 31 24
-0.040965153196 25 31 25 31
0.040965153196 25 31 31 25
-0.040965153196 25 32 22 35
0.020482576598 25 32 23 34
-0.0136550510653 25 32 24 33
0.0136550510653 25 32 33 24
-0.020482576598 25 32 34 23
0.040965153196 25 32 35 22
-0.020482576598 25 33 23 35
-0.0136550510653 25 33 25 33
0.0136550510653 25 33 33 25
0.020482576598 25 33 35 23
-0.040965153196 25 34 24 35
0.040965153196 25 34 35 24
-0.040965153196 25 35 25 35
0.040965153196 25 35 35 25
-0.0136550510653 25 36 24 37
-0.040965153196 25 36 28 31
0.020482576598 25 36 29 30
-0.020482576598 25 36 30 29
0.040965153196 25 36 31 28
0.0136550510653 25 36 37 24
-0.0136550510653 25 37 25 37
-0.020482576598 25 37 29 31
0.020482576598 25 37 31 29
0.0136550510653 25 37 37 25
0.0136550510653 26 14 14 26
0.020482576598 26 14 20 22
-0.020482576598 26 14 22 20
-0.0136550510653 26 14 26 14
0.0136550510653 26 15 14 27
0.040965153196 26 15 20 23
-0.020482576598 26 15 21 22
0.020482576598 26 15 22 21
-0.040965153196 26 15 23 20
-0.0136550510653 26 15 27 14
0.040965153196 26 16 16 26
-0.040965153196 26 16 26 16
0.040965153196 26 17 16 27
-0.040965153196 26 17 27 16
0.020482576598 26 18 16 28
0.0136550510653 26 18 18 26
-0.0136550510653 26 18 26 18
-0.020482576598 26 18 28 16
0.040965153196 26 19 16 29
-0.020482576598 26 19 17 28
0.0136550510653 26 19 18 27
-0.0136550510653 26 19 27 18
0.020482576598 26 19 28 17
-0.040965153196 26 19 29 16
0.040965153196 26 20 20 26
-0.040965153196 26 20 26 20
0.040965153196 26 21 20 27
-0.040965153196 26 21 27 20
0.020482576598 26 22 22 26
-0.020482576598 26 22 26 22
0.040965153196 26 23 16 33
-0.040965153196 26 23 17 32
0.020482576598 26 23 22 27
-0.020482576598 26 23 27 22
0.040965153196 26 23 32 17
-0.040965153196 26 23 33 16
-0.0273101021307 26 24 14 36
0.0273101021307 26 24 16 34
-0.0273101021307 26 24 18 32
0.0273101021307 26 24 20 30
0.010241288299 26 24 24 26
-0.010241288299 26 24 26 24
-0.0273101021307 26 24 30 20
0.0273101021307 26 24 32 18
-0.0273101021307 26 24 34 16
0.0273101021307 26 24 36 14
0.0136550510653 26 25 14 37
-0.040965153196 26 25 15 36
0.040965153196 26 25 16 35
-0.0136550510653 26 25 17 34
0.0136550510653 26 25 18 33
-0.040965153196 26 25 19 32
0.040965153196 26 25 20 31
-0.0136550510653 26 25 21 30
0.020482576598 26 25 22 29
-0.020482576598 26 25 23 28
0.010241288299 26 25 24 27
-0.010241288299 26 25 27 24
0.020482576598 26 25 28 23
-0.020482576598 26 25 29 22
0.0136550510653 26 25 30 21
-0.040965153196 26 25 31 20
0.040965153196 26 25 32 19
-0.0136550510653 26 25 33 18
0.0136550510653 26 25 34 17
-0.040965153196 26 25 35 16
0.040965153196 26 25 36 15
-0.0136550510653 26 25 37 14
-0.020482576598 26 28 26 28
0.020482576598 26 28 28 26
0.040965153196 26 29 20 37
-0.040965153196 26 29 21 36
-0.020482576598 26 29 27 28
0.020482576598 26 29 28 27
0.040965153196 26 29 36 21
-0.040965153196 26 29 37 20
-0.020482576598 26 30 22 36
-0.0136550510653 26 30 26 30
0.0136550510653 26 30 30 26
0.020482576598 26 30 36 22
0.020482576598 26 31 22 37
-0.040965153196 26 31 23 36
-0.0136550510653 26 31 27 30
0.0136550510653 26 31 30 27
0.040965153196 26 31 36 23
-0.020482576598 26 31 37 22
-0.040965153196 26 32 26 32
0.040965153196 26 32 32 26
-0.040965153196 26 33 27 32
0.040965153196 26 33 32 27
-0.0136550510653 26 34 26 34
-0.020482576598 26 34 28 32
0.020482576598 26 34 32 28
0.0136550510653 26 34 34 26
-0.0136550510653 26 35 27 34
0.020482576598 26 35 28 33
-0.040965153196 26 35 29 32
0.040965153196 26 35 32 29
-0.020482576598 26 35 33 28
0.0136550510653 26 35 34 27
-0.040965153196 26 36 26 36
0.040965153196 26 36 36 26
-0.040965153196 26 37 27 36
0.040965153196 26 37 36 27
0.0136550510653 27 14 15 26
-0.020482576598 27 14 20 23
0.040965153196 27 14 21 22
-0.040965153196 27 14 22 21
0.020482576598 27 14 23 20
-0.0136550510653 27 14 26 15
0.0136550510653 27 15 15 27
0.020482576598 27 15 21 23
-0.020482576598 27 15 23 21
-0.0136550510653 27 15 27 15
0.040965153196 27 16 17 26
-0.040965153196 27 16 26 17
0.040965153196 27 17 17 27
-0.040965153196 27 17 27 17
-0.020482576598 27 18 16 29
0.040965153196 27 18 17 28
0.0136550510653 27 18 19 26
-0.0136550510653 27 18 26 19
-0.040965153196 27 18 28 17
0.020482576598 27 18 29 16
0.020482576598 27 19 17 29
0.0136550510653 27 19 19 27
-0.0136550510653 27 19 27 19
-0.020482576598 27 19 29 17
0.040965153196 27 20 21 26
-0.040965153196 27 20 26 21
0.040965153196 27 21 21 27
-0.040965153196 27 21 27 21
-0.040965153196 27 22 16 33
0.040965153196 27 22 17 32
0.020482576598 27 22 23 26
-0.020482576598 27 22 26 23
-0.040965153196 27 22 32 17
0.040965153196 27 22 33 16
0.020482576598 27 23 23 27
-0.020482576598 27 23 27 23
-0.040965153196 27 24 14 37
0.0136550510653 27 24 15 36
-0.0136550510653 27 24 16 35
0.040965153196 27 24 17 34
-0.040965153196 27 24 18 33
0.0136550510653 27 24 19 32
-0.0136550510653 27 24 20 31
0.040965153196 27 24 21 30
-0.020482576598 27 24 22 29
0.020482576598 27 24 23 28
0.010241288299 27 24 25 26
-0.010241288299 27 24 26 25
-0.020482576598 27 24 28 23
0.020482576598 27 24 29 22
-0.040965153196 27 24 30 21
0.0136550510653 27 24 31 20
-0.0136550510653 27 24 32 19
0.040965153196 27 24 33 18
-0.040965153196 27 24 34 17
0.0136550510653 27 24 35 16
-0.0136550510653 27 24 36 15
0.040965153196 27 24 37 14
-0.0273101021307 27 25 15 37
0.0273101021307 27 25 17 35
-0.0273101021307 27 25 19 33
0.0273101021307 27 25 21 31
0.010241288299 27 25 25 27
-0.010241288299 27 25 27 25
-0.0273101021307 27 25 31 21
0.0273101021307 27 25 33 19
-0.0273101021307 27 25 35 17
0.0273101021307 27 25 37 15
-0.040965153196 27 28 20 37
0.040965153196 27 28 21 36
-0.020482576598 27 28 26 29
0.020482576598 27 28 29 26
-0.040965153196 27 28 36 21
0.040965153196 27 28 37 20
-0.020482576598 27 29 27 29
0.020482576598 27 29 29 27
-0.040965153196 27 30 22 37
0.020482576598 27 30 23 36
-0.0136550510653 27 30 26 31
0.0136550510653 27 30 31 26
-0.020482576598 27 30 36 23
0.040965153196 27 30 37 22
-0.020482576598 27 31 23 37
-0.0136550510653 27 31 27 31
0.0136550510653 27 31 31 27
0.020482576598 27 31 37 23
-0.040965153196 27 32 26 33
0.040965153196 27 32 33 26
-0.040965153196 27 33 27 33
0.040965153196 27 33 33 27
-0.0136550510653 27 34 26 35
-0.040965153196 27 34 28 33
0.020482576598 27 34 29 32
-0.020482576598 27 34 32 29
0.040965153196 27 34 33 28
0.0136550510653 27 34 35 26
-0.0136550510653 27 35 27 35
-0.020482576598 27 35 29 33
0.020482576598 27 35 33 29
0.0136550510653 27 35 35 27
-0.040965153196 27 36 26 37
0.040965153196 27 36 37 26
-0.040965153196 27 37 27 37
0.040965153196 27 37 37 27
0.0136550510653 28 14 14 28
0.020482576598 28 14 20 24
-0.020482576598 28 14 24 20
-0.0136550510653 28 14 28 14
0.0136550510653 28 15 14 29
0.040965153196 28 15 20 25
-0.020482576598 28 15 21 24
0.020482576598 28 15 24 21
-0.040965153196 28 15 25 20
-0.0136550510653 28 15 29 14
0.0136550510653 28 16 16 28
0.020482576598 28 16 18 26
-0.020482576598 28 16 26 18
-0.0136550510653 28 16 28 16
0.0136550510653 28 17 16 29
0.040965153196 28 17 18 27
-0.020482576598 28 17 19 26
0.020482576598 28 17 26 19
-0.040965153196 28 17 27 18
-0.0136550510653 28 17 29 16
0.040965153196 28 18 18 28
-0.040965153196 28 18 28 18
0.040965153196 28 19 18 29
-0.040965153196 28 19 29 18
0.040965153196 28 20 20 28
-0.040965153196 28 20 28 20
0.040965153196 28 21 20 29
-0.040965153196 28 21 29 20
-0.0273101021307 28 22 14 36
-0.0273101021307 28 22 16 34
0.0273101021307 28 22 18 32
0.0273101021307 28 22 20 30
0.010241288299 28 22 22 28
-0.010241288299 28 22 28 22
-0.0273101021307 28 22 30 20
-0.0273101021307 28 22 32 18
0.0273101021307 28 22 34 16
0.0273101021307 28 22 36 14
0.0136550510653 28 23 14 37
-0.040965153196 28 23 15 36
0.0136550510653 28 23 16 35
-0.040965153196 28 23 17 34
0.040965153196 28 23 18 33
-0.0136550510653 28 23 19 32
0.040965153196 28 23 20 31
-0.0136550510653 28 23 21 30
0.010241288299 28 23 22 29
0.020482576598 28 23 24 27
-0.020482576598 28 23 25 26
0.020482576598 28 23 26 25
-0.020482576598 28 23 27 24
-0.010241288299 28 23 29 22
0.0136550510653 28 23 30 21
-0.040965153196 28 23 31 20
0.0136550510653 28 23 32 19
-0.040965153196 28 23 33 18
0.040965153196 28 23 34 17
-0.0136550510653 28 23 35 16
0.040965153196 28 23 36 15
-0.0136550510653 28 23 37 14
0.020482576598 28 24 24 28
-0.020482576598 28 24 28 24
0.040965153196 28 25 18 35
-0.040965153196 28 25 19 34
0.020482576598 28 25 24 29
-0.020482576598 28 25 29 24
0.040965153196 28 25 34 19
-0.040965153196 28 25 35 18
0.020482576598 28 26 26 28
-0.020482576598 28 26 28 26
0.040965153196 28 27 20 37
-0.040965153196 28 27 21 36
0.020482576598 28 27 26 29
-0.020482576598 28 27 29 26
0.040965153196 28 27 36 21
-0.040965153196 28 27 37 20
-0.020482576598 28 30 24 36
-0.0136550510653 28 30 28 30
0.0136550510653 28 30 30 28
0.020482576598 28 30 36 24
0.020482576598 28 31 24 37
-0.040965153196 28 31 25 36
-0.0136550510653 28 31 29 30
0.0136550510653 28 31 30 29
0.040965153196 28 31 36 25
-0.020482576598 28 31 37 24
-0.020482576598 28 32 26 34
-0.0136550510653 28 32 28 32
0.0136550510653 28 32 32 28
0.020482576598 28 32 34 26
0.020482576598 28 33 26 35
-0.040965153196 28 33 27 34
-0.0136550510653 28 33 29 32
0.0136550510653 28 33 32 29
0.040965153196 28 33 34 27
-0.020482576598 28 33 35 26
-0.040965153196 28 34 28 34
0.040965153196 28 34 34 28
-0.040965153196 28 35 29 34
0.040965153196 28 35 34 29
-0.040965153196 28 36 28 36
0.040965153196 28 36 36 28
-0.040965153196 28 37 29 36
0.040965153196 28 37 36 29
0.0136550510653 29 14 15 28
-0.020482576598 29 14 20 25
0.040965153196 29 14 21 24
-0.040965153196 29 14 24 21
0.020482576598 29 14 25 20
-0.0136550510653 29 14 28 15
0.0136550510653 29 15 15 29
0.020482576598 29 15 21 25
-0.020482576598 29 15 25 21
-0.0136550510653 29 15 29 15
0.0136550510653 29 16 17 28
-0.020482576598 29 16 18 27
0.040965153196 29 16 19 26
-0.040965153196 29 16 26 19
0.020482576598 29 16 27 18
-0.0136550510653 29 16 28 17
0.0136550510653 29 17 17 29
0.020482576598 29 17 19 27
-0.020482576598 29 17 27 19
-0.0136550510653 29 17 29 17
0.040965153196 29 18 19 28
-0.040965153196 29 18 28 19
0.040965153196 29 19 19 29
-0.040965153196 29 19 29 19
0.040965153196 29 20 21 28
-0.040965153196 29 20 28 21
0.040965153196 29 21 21 29
-0.040965153196 29 21 29 21
-0.040965153196 29 22 14 37
0.0136550510653 29 22 15 36
-0.040965153196 29 22 16 35
0.0136550510653 29 22 17 34
-0.0136550510653 29 22 18 33
0.040965153196 29 22 19 32
-0.0136550510653 29 22 20 31
0.040965153196 29 22 21 30
0.010241288299 29 22 23 28
-0.020482576598 29 22 24 27
0.020482576598 29 22 25 26
-0.020482576598 29 22 26 25
0.020482576598 29 22 27 24
-0.010241288299 29 22 28 23
-0.040965153196 29 22 30 21
0.0136550510653 29 22 31 20
-0.040965153196 29 22 32 19
0.0136550510653 29 22 33 18
-0.0136550510653 29 22 34 17
0.040965153196 29 22 35 16
-0.0136550510653 29 22 36 15
0.040965153196 29 22 37 14
-0.0273101021307 29 23 15 37
-0.0273101021307 29 23 17 35
0.0273101021307 29 23 19 33
0.0273101021307 29 23 21 31
0.010241288299 29 23 23 29
-0.010241288299 29 23 29 23
-0.0273101021307 29 23 31 21
-0.0273101021307 29 23 33 19
0.0273101021307 29 23 35 17
0.0273101021307 29 23 37 15
-0.040965153196 29 24 18 35
0.040965153196 29 24 19 34
0.020482576598 29 24 25 28
-0.020482576598 29 24 28 25
-0.040965153196 29 24 34 19
0.040965153196 29 24 35 18
0.020482576598 29 25 25 29
-0.020482576598 29 25 29 25
-0.040965153196 29 26 20 37
0.040965153196 29 26 21 36
0.020482576598 29 26 27 28
-0.020482576598 29 26 28 27
-0.040965153196 29 26 36 21
0.040965153196 29 26 37 20
0.020482576598 29 27 27 29
-0.020482576598 29 27 29 27
-0.040965153196 29 30 24 37
0.020482576598 29 30 25 36
-0.0136550510653 29 30 28 31
0.0136550510653 29 30 31 28
-0.020482576598 29 30 36 25
0.040965153196 29 30 37 24
-0.020482576598 29 31 25 37
-0.0136550510653 29 31 29 31
0.0136550510653 29 31 31 29
0.020482576598 29 31 37 25
-0.040965153196 29 32 26 35
0.020482576598 29 32 27 34
-0.0136550510653 29 32 28 33
0.0136550510653 29 32 33 28
-0.020482576598 29 32 34 27
0.040965153196 29 32 35 26
-0.020482576598 29 33 27 35
-0.0136550510653 29 33 29 33
0.0136550510653 29 33 33 29
0.020482576598 29 33 35 27
-0.040965153196 29 34 28 35
0.040965153196 29 34 35 28
-0.040965153196 29 35 29 35
0.040965153196 29 35 35 29
-0.040965153196 29 36 28 37
0.040965153196 29 36 37 28
-0.040965153196 29 37 29 37
0.040965153196 29 37 37 29
0.020482576598 30 14 14 30
-0.020482576598 30 14 30 14
0.020482576598 30 15 14 31
0.040965153196 30 15 22 25
-0.040965153196 30 15 23 24
0.040965153196 30 15 24 23
-0.040965153196 30 15 25 22
-0.020482576598 30 15 31 14
-0.020482576598 30 16 14 32
0.0136550510653 30 16 16 30
-0.0136550510653 30 16 30 16
0.020482576598 30 16 32 14
0.020482576598 30 17 14 33
-0.040965153196 30 17 15 32
0.0136550510653 30 17 16 31
-0.0136550510653 30 17 31 16
0.040965153196 30 17 32 15
-0.020482576598 30 17 33 14
-0.020482576598 30 18 14 34
0.0136550510653 30 18 18 30
-0.0136550510653 30 18 30 18
0.020482576598 30 18 34 14
0.020482576598 30 19 14 35
-0.040965153196 30 19 15 34
0.0136550510653 30 19 18 31
-0.0136550510653 30 19 31 18
0.040965153196 30 19 34 15
-0.020482576598 30 19 35 14
-0.0273101021307 30 20 16 34
-0.0273101021307 30 20 18 32
0.010241288299 30 20 20 30
0.0273101021307 30 20 22 28
0.0273101021307 30 20 24 26
-0.0273101021307 30 20 26 24
-0.0273101021307 30 20 28 22
-0.010241288299 30 20 30 20
0.0273101021307 30 20 32 18
0.0273101021307 30 20 34 16
0.020482576598 30 21 14 37
-0.020482576598 30 21 15 36
0.0136550510653 30 21 16 35
-0.040965153196 30 21 17 34
0.0136550510653 30 21 18 33
-0.040965153196 30 21 19 32
0.010241288299 30 21 20 31
0.040965153196 30 21 22 29
-0.0136550510653 30 21 23 28
0.040965153196 30 21 24 27
-0.0136550510653 30 21 25 26
0.0136550510653 30 21 26 25
-0.040965153196 30 21 27 24
0.0136550510653 30 21 28 23
-0.040965153196 30 21 29 22
-0.010241288299 30 21 31 20
0.040965153196 30 21 32 19
-0.0136550510653 30 21 33 18
0.040965153196 30 21 34 17
-0.0136550510653 30 21 35 16
0.020482576598 30 21 36 15
-0.020482576598 30 21 37 14
0.040965153196 30 22 22 30
-0.040965153196 30 22 30 22
0.040965153196 30 23 22 31
-0.040965153196 30 23 31 22
0.040965153196 30 24 24 30
-0.040965153196 30 24 30 24
0.040965153196 30 25 24 31
-0.040965153196 30 25 31 24
0.020482576598 30 26 22 36
0.0136550510653 30 26 26 30
-0.0136550510653 30 26 30 26
-0.020482576598 30 26 36 22
0.040965153196 30 27 22 37
-0.020482576598 30 27 23 36
0.0136550510653 30 27 26 31
-0.0136550510653 30 27 31 26
0.020482576598 30 27 36 23
-0.040965153196 30 27 37 22
0.020482576598 30 28 24 36
0.0136550510653 30 28 28 30
-0.0136550510653 30 28 30 28
-0.020482576598 30 28 36 24
0.040965153196 30 29 24 37
-0.020482576598 30 29 25 36
0.0136550510653 30 29 28 31
-0.0136550510653 30 29 31 28
0.020482576598 30 29 36 25
-0.040965153196 30 29 37 24
-0.040965153196 30 32 30 32
0.040965153196 30 32 32 30
-0.040965153196 30 33 31 32
0.040965153196 30 33 32 31
-0.040965153196 30 34 30 34
0.040965153196 30 34 34 30
-0.040965153196 30 35 31 34
0.040965153196 30 35 34 31
-0.020482576598 30 36 30 36
0.020482576598 30 36 36 30
-0.020482576598 30 37 31 36
0.040965153196 30 37 32 35
-0.040965153196 30 37 33 34
0.040965153196 30 37 34 33
-0.040965153196 30 37 35 32
0.020482576598 30 37 36 31
0.020482576598 31 14 15 30
-0.040965153196 31 14 22 25
0.040965153196 31 14 23 24
-0.040965153196 31 14 24 23
0.040965153196 31 14 25 22
-0.020482576598 31 14 30 15
0.020482576598 31 15 15 31
-0.020482576598 31 15 31 15
-0.040965153196 31 16 14 33
0.020482576598 31 16 15 32
0.0136550510653 31 16 17 30
-0.0136550510653 31 16 30 17
-0.020482576598 31 16 32 15
0.040965153196 31 16 33 14
-0.020482576598 31 17 15 33
0.0136550510653 31 17 17 31
-0.0136550510653 31 17 31 17
0.020482576598 31 17 33 15
-0.040965153196 31 18 14 35
0.020482576598 31 18 15 34
0.0136550510653 31 18 19 30
-0.0136550510653 31 18 30 19
-0.020482576598 31 18 34 15
0.040965153196 31 18 35 14
-0.020482576598 31 19 15 35
0.0136550510653 31 19 19 31
-0.0136550510653 31 19 31 19
0.020482576598 31 19 35 15
-0.020482576598 31 20 14 37
0.020482576598 31 20 15 36
-0.040965153196 31 20 16 35
0.0136550510653 31 20 17 34
-0.040965153196 31 20 18 33
0.0136550510653 31 20 19 32
0.010241288299 31 20 21 30
-0.0136550510653 31 20 22 29
0.040965153196 31 20 23 28
-0.0136550510653 31 20 24 27
0.040965153196 31 20 25 26
-0.040965153196 31 20 26 25
0.0136550510653 31 20 27 24
-0.040965153196 31 20 28 23
0.0136550510653 31 20 29 22
-0.010241288299 31 20 30 21
-0.0136550510653 31 20 32 19
0.040965153196 31 20 33 18
-0.0136550510653 31 20 34 17
0.040965153196 31 20 35 16
-0.020482576598 31 20 36 15
0.020482576598 31 20 37 14
-0.0273101021307 31 21 17 35
-0.0273101021307 31 21 19 33
0.010241288299 31 21 21 31
0.0273101021307 31 21 23 29
0.0273101021307 31 21 25 27
-0.0273101021307 31 21 27 25
-0.0273101021307 31 21 29 23
-0.010241288299 31 21 31 21
0.0273101021307 31 21 33 19
0.0273101021307 31 21 35 17
0.040965153196 31 22 23 30
-0.040965153196 31 22 30 23
0.040965153196 31 23 23 31
-0.040965153196 31 23 31 23
0.040965153196 31 24 25 30
-0.040965153196 31 24 30 25
0.040965153196 31 25 25 31
-0.040965153196 31 25 31 25
-0.020482576598 31 26 22 37
0.040965153196 31 26 23 36
0.0136550510653 31 26 27 30
-0.0136550510653 31 26 30 27
-0.040965153196 31 26 36 23
0.020482576598 31 26 37 22
0.020482576598 31 27 23 37
0.0136550510653 31 27 27 31
-0.0136550510653 31 27 31 27
-0.020482576598 31 27 37 23
-0.020482576598 31 28 24 37
0.040965153196 31 28 25 36
0.0136550510653 31 28 29 30
-0.0136550510653 31 28 30 29
-0.040965153196 31 28 36 25
0.020482576598 31 28 37 24
0.020482576598 31 29 25 37
0.0136550510653 31 29 29 31
-0.0136550510653 31 29 31 29
-0.020482576598 31 29 37 25
-0.040965153196 31 32 30 33
0.040965153196 31 32 33 30
-0.040965153196 31 33 31 33
0.040965153196 31 33 33 31
-0.040965153196 31 34 30 35
0.040965153196 31 34 35 30
-0.040965153196 31 35 31 35
0.040965153196 31 35 35 31
-0.020482576598 31 36 30 37
-0.040965153196 31 36 32 35
0.040965153196 31 36 33 34
-0.040965153196 31 36 34 33
0.040965153196 31 36 35 32
0.020482576598 31 36 37 30
-0.020482576598 31 37 31 37
0.020482576598 31 37 37 31
0.0136550510653 32 14 14 32
-0.020482576598 32 14 16 30
0.020482576598 32 14 30 16
-0.0136550510653 32 14 32 14
0.0136550510653 32 15 14 33
0.020482576598 32 15 16 31
-0.040965153196 32 15 17 30
0.040965153196 32 15 30 17
-0.020482576598 32 15 31 16
-0.0136550510653 32 15 33 14
0.020482576598 32 16 16 32
-0.020482576598 32 16 32 16
0.020482576598 32 17 16 33
0.040965153196 32 17 22 27
-0.040965153196 32 17 23 26
0.040965153196 32 17 26 23
-0.040965153196 32 17 27 22
-0.020482576598 32 17 33 16
-0.0273101021307 32 18 14 36
0.010241288299 32 18 18 32
-0.0273101021307 32 18 20 30
0.0273101021307 32 18 22 28
-0.0273101021307 32 18 24 26
0.0273101021307 32 18 26 24
-0.0273101021307 32 18 28 22
0.0273101021307 32 18 30 20
-0.010241288299 32 18 32 18
0.0273101021307 32 18 36 14
0.0136550510653 32 19 14 37
-0.040965153196 32 19 15 36
0.020482576598 32 19 16 35
-0.020482576598 32 19 17 34
0.010241288299 32 19 18 33
0.0136550510653 32 19 20 31
-0.040965153196 32 19 21 30
0.040965153196 32 19 22 29
-0.0136550510653 32 19 23 28
0.0136550510653 32 19 24 27
-0.040965153196 32 19 25 26
0.040965153196 32 19 26 25
-0.0136550510653 32 19 27 24
0.0136550510653 32 19 28 23
-0.040965153196 32 19 29 22
0.040965153196 32 19 30 21
-0.0136550510653 32 19 31 20
-0.010241288299 32 19 33 18
0.020482576598 32 19 34 17
-0.020482576598 32 19 35 16
0.040965153196 32 19 36 15
-0.0136550510653 32 19 37 14
-0.020482576598 32 20 16 36
0.0136550510653 32 20 20 32
-0.0136550510653 32 20 32 20
0.020482576598 32 20 36 16
0.020482576598 32 21 16 37
-0.040965153196 32 21 17 36
0.0136550510653 32 21 20 33
-0.0136550510653 32 21 33 20
0.040965153196 32 21 36 17
-0.020482576598 32 21 37 16
0.040965153196 32 22 22 32
-0.040965153196 32 22 32 22
0.040965153196 32 23 22 33
-0.040965153196 32 23 33 22
0.020482576598 32 24 22 34
0.0136550510653 32 24 24 32
-0.0136550510653 32 24 32 24
-0.020482576598 32 24 34 22
0.040965153196 32 25 22 35
-0.020482576598 32 25 23 34
0.0136550510653 32 25 24 33
-0.0136550510653 32 25 33 24
0.020482576598 32 25 34 23
-0.040965153196 32 25 35 22
0.040965153196 32 26 26 32
-0.040965153196 32 26 32 26
0.040965153196 32 27 26 33
-0.040965153196 32 27 33 26
0.020482576598 32 28 26 34
0.0136550510653 32 28 28 32
-0.0136550510653 32 28 32 28
-0.020482576598 32 28 34 26
0.040965153196 32 29 26 35
-0.020482576598 32 29 27 34
0.0136550510653 32 29 28 33
-0.0136550510653 32 29 33 28
0.020482576598 32 29 34 27
-0.040965153196 32 29 35 26
0.040965153196 32 30 30 32
-0.040965153196 32 30 32 30
0.040965153196 32 31 30 33
-0.040965153196 32 31 33 30
-0.020482576598 32 34 32 34
0.020482576598 32 34 34 32
0.040965153196 32 35 30 37
-0.040965153196 32 35 31 36
-0.020482576598 32 35 33 34
0.020482576598 32 35 34 33
0.040965153196 32 35 36 31
-0.040965153196 32 35 37 30
-0.040965153196 32 36 32 36
0.040965153196 32 36 36 32
-0.040965153196 32 37 33 36
0.040965153196 32 37 36 33
0.0136550510653 33 14 15 32
-0.040965153196 33 14 16 31
0.020482576598 33 14 17 30
-0.020482576598 33 14 30 17
0.040965153196 33 14 31 16
-0.0136550510653 33 14 32 15
0.0136550510653 33 15 15 33
-0.020482576598 33 15 17 31
0.020482576598 33 15 31 17
-0.0136550510653 33 15 33 15
0.020482576598 33 16 17 32
-0.040965153196 33 16 22 27
0.040965153196 33 16 23 26
-0.040965153196 33 16 26 23
0.040965153196 33 16 27 22
-0.020482576598 33 16 32 17
0.020482576598 33 17 17 33
-0.020482576598 33 17 33 17
-0.040965153196 33 18 14 37
0.0136550510653 33 18 15 36
-0.020482576598 33 18 16 35
0.020482576598 33 18 17 34
0.010241288299 33 18 19 32
-0.040965153196 33 18 20 31
0.0136550510653 33 18 21 30
-0.0136550510653 33 18 22 29
0.040965153196 33 18 23 28
-0.040965153196 33 18 24 27
0.0136550510653 33 18 25 26
-0.0136550510653 33 18 26 25
0.040965153196 33 18 27 24
-0.040965153196 33 18 28 23
0.0136550510653 33 18 29 22
-0.0136550510653 33 18 30 21
0.040965153196 33 18 31 20
-0.010241288299 33 18 32 19
-0.020482576598 33 18 34 17
0.020482576598 33 18 35 16
-0.0136550510653 33 18 36 15
0.040965153196 33 18 37 14
-0.0273101021307 33 19 15 37
0.010241288299 33 19 19 33
-0.0273101021307 33 19 21 31
0.0273101021307 33 19 23 29
-0.0273101021307 33 19 25 27
0.0273101021307 33 19 27 25
-0.0273101021307 33 19 29 23
0.0273101021307 33 19 31 21
-0.010241288299 33 19 33 19
0.0273101021307 33 19 37 15
-0.040965153196 33 20 16 37
0.020482576598 33 20 17 36
0.0136550510653 33 20 21 32
-0.0136550510653 33 20 32 21
-0.020482576598 33 20 36 17
0.040965153196 33 20 37 16
-0.020482576598 33 21 17 37
0.0136550510653 33 21 21 33
-0.0136550510653 33 21 33 21
0.020482576598 33 21 37 17
0.040965153196 33 22 23 32
-0.040965153196 33 22 32 23
0.040965153196 33 23 23 33
-0.040965153196 33 23 33 23
-0.020482576598 33 24 22 35
0.040965153196 33 24 23 34
0.0136550510653 33 24 25 32
-0.0136550510653 33 24 32 25
-0.040965153196 33 24 34 23
0.020482576598 33 24 35 22
0.020482576598 33 25 23 35
0.0136550510653 33 25 25 33
-0.0136550510653 33 25 33 25
-0.020482576598 33 25 35 23
0.040965153196 33 26 27 32
-0.040965153196 33 26 32 27
0.040965153196 33 27 27 33
-0.040965153196 33 27 33 27
-0.020482576598 33 28 26 35
0.040965153196 33 28 27 34
0.0136550510653 33 28 29 32
-0.0136550510653 33 28 32 29
-0.040965153196 33 28 34 27
0.020482576598 33 28 35 26
0.020482576598 33 29 27 35
0.0136550510653 33 29 29 33
-0.0136550510653 33 29 33 29
-0.020482576598 33 29 35 27
0.040965153196 33 30 31 32
-0.040965153196 33 30 32 31
0.040965153196 33 31 31 33
-0.040965153196 33 31 33 31
-0.040965153196 33 34 30 37
0.040965153196 33 34 31 36
-0.020482576598 33 34 32 35
0.020482576598 33 34 35 32
-0.040965153196 33 34 36 31
0.040965153196 33 34 37 30
-0.020482576598 33 35 33 35
0.020482576598 33 35 35 33
-0.040965153196 33 36 32 37
0.040965153196 33 36 37 32
-0.040965153196 33 37 33 37
0.040965153196 33 37 37 33
0.0136550510653 34 14 14 34
-0.020482576598 34 14 18 30
0.020482576598 34 14 30 18
-0.0136550510653 34 14 34 14
0.0136550510653 34 15 14 35
0.020482576598 34 15 18 31
-0.040965153196 34 15 19 30
0.040965153196 34 15 30 19
-0.020482576598 34 15 31 18
-0.0136550510653 34 15 35 14
-0.0273101021307 34 16 14 36
0.010241288299 34 16 16 34
-0.0273101021307 34 16 20 30
-0.0273101021307 34 16 22 28
0.0273101021307 34 16 24 26
-0.0273101021307 34 16 26 24
0.0273101021307 34 16 28 22
0.0273101021307 34 16 30 20
-0.010241288299 34 16 34 16
0.0273101021307 34 16 36 14
0.0136550510653 34 17 14 37
-0.040965153196 34 17 15 36
0.010241288299 34 17 16 35
0.020482576598 34 17 18 33
-0.020482576598 34 17 19 32
0.0136550510653 34 17 20 31
-0.040965153196 34 17 21 30
0.0136550510653 34 17 22 29
-0.040965153196 34 17 23 28
0.040965153196 34 17 24 27
-0.0136550510653 34 17 25 26
0.0136550510653 34 17 26 25
-0.040965153196 34 17 27 24
0.040965153196 34 17 28 23
-0.0136550510653 34 17 29 22
0.040965153196 34 17 30 21
-0.0136550510653 34 17 31 20
0.020482576598 34 17 32 19
-0.020482576598 34 17 33 18
-0.010241288299 34 17 35 16
0.040965153196 34 17 36 15
-0.0136550510653 34 17 37 14
0.020482576598 34 18 18 34
-0.020482576598 34 18 34 18
0.020482576598 34 19 18 35
0.040965153196 34 19 24 29
-0.040965153196 34 19 25 28
0.040965153196 34 19 28 25
-0.040965153196 34 19 29 24
-0.020482576598 34 19 35 18
-0.020482576598 34 20 18 36
0.0136550510653 34 20 20 34
-0.0136550510653 34 20 34 20
0.020482576598 34 20 36 18
0.020482576598 34 21 18 37
-0.040965153196 34 21 19 36
0.0136550510653 34 21 20 35
-0.0136550510653 34 21 35 20
0.040965153196 34 21 36 19
-0.020482576598 34 21 37 18
0.0136550510653 34 22 22 34
0.020482576598 34 22 24 32
-0.020482576598 34 22 32 24
-0.0136550510653 34 22 34 22
0.0136550510653 34 23 22 35
0.040965153196 34 23 24 33
-0.020482576598 34 23 25 32
0.020482576598 34 23 32 25
-0.040965153196 34 23 33 24
-0.0136550510653 34 23 35 22
0.040965153196 34 24 24 34
-0.040965153196 34 24 34 24
0.040965153196 34 25 24 35
-0.040965153196 34 25 35 24
0.0136550510653 34 26 26 34
0.020482576598 34 26 28 32
-0.020482576598 34 26 32 28
-0.0136550510653 34 26 34 26
0.0136550510653 34 27 26 35
0.040965153196 34 27 28 33
-0.020482576598 34 27 29 32
0.020482576598 34 27 32 29
-0.040965153196 34 27 33 28
-0.0136550510653 34 27 35 26
0.040965153196 34 28 28 34
-0.040965153196 34 28 34 28
0.040965153196 34 29 28 35
-0.040965153196 34 29 35 28
0.040965153196 34 30 30 34
-0.040965153196 34 30 34 30
0.040965153196 34 31 30 35
-0.040965153196 34 31 35 30
0.020482576598 34 32 32 34
-0.020482576598 34 32 34 32
0.040965153196 34 33 30 37
-0.040965153196 34 33 31 36
0.020482576598 34 33 32 35
-0.020482576598 34 33 35 32
0.040965153196 34 33 36 31
-0.040965153196 34 33 37 30
-0.040965153196 34 36 34 36
0.040965153196 34 36 36 34
-0.040965153196 34 37 35 36
0.040965153196 34 37 36 35
0.0136550510653 35 14 15 34
-0.040965153196 35 14 18 31
0.020482576598 35 14 19 30
-0.020482576598 35 14 30 19
0.040965153196 35 14 31 18
-0.0136550510653 35 14 34 15
0.0136550510653 35 15 15 35
-0.020482576598 35 15 19 31
0.020482576598 35 15 31 19
-0.0136550510653 35 15 35 15
-0.040965153196 35 16 14 37
0.0136550510653 35 16 15 36
0.010241288299 35 16 17 34
-0.020482576598 35 16 18 33
0.020482576598 35 16 19 32
-0.040965153196 35 16 20 31
0.0136550510653 35 16 21 30
-0.040965153196 35 16 22 29
0.0136550510653 35 16 23 28
-0.0136550510653 35 16 24 27
0.040965153196 35 16 25 26
-0.040965153196 35 16 26 25
0.0136550510653 35 16 27 24
-0.0136550510653 35 16 28 23
0.040965153196 35 16 29 22
-0.0136550510653 35 16 30 21
0.040965153196 35 16 31 20
-0.020482576598 35 16 32 19
0.020482576598 35 16 33 18
-0.010241288299 35 16 34 17
-0.0136550510653 35 16 36 15
0.040965153196 35 16 37 14
-0.0273101021307 35 17 15 37
0.010241288299 35 17 17 35
-0.0273101021307 35 17 21 31
-0.0273101021307 35 17 23 29
0.0273101021307 35 17 25 27
-0.0273101021307 35 17 27 25
0.0273101021307 35 17 29 23
0.0273101021307 35 17 31 21
-0.010241288299 35 17 35 17
0.0273101021307 35 17 37 15
0.020482576598 35 18 19 34
-0.040965153196 35 18 24 29
0.040965153196 35 18 25 28
-0.040965153196 35 18 28 25
0.040965153196 35 18 29 24
-0.020482576598 35 18 34 19
0.020482576598 35 19 19 35
-0.020482576598 35 19 35 19
-0.040965153196 35 20 18 37
0.020482576598 35 20 19 36
0.0136550510653 35 20 21 34
-0.0136550510653 35 20 34 21
-0.020482576598 35 20 36 19
0.040965153196 35 20 37 18
-0.020482576598 35 21 19 37
0.0136550510653 35 21 21 35
-0.0136550510653 35 21 35 21
0.020482576598 35 21 37 19
0.0136550510653 35 22 23 34
-0.020482576598 35 22 24 33
0.040965153196 35 22 25 32
-0.040965153196 35 22 32 25
0.020482576598 35 22 33 24
-0.0136550510653 35 22 34 23
0.0136550510653 35 23 23 35
0.020482576598 35 23 25 33
-0.020482576598 35 23 33 25
-0.0136550510653 35 23 35 23
0.040965153196 35 24 25 34
-0.040965153196 35 24 34 25
0.040965153196 35 25 25 35
-0.040965153196 35 25 35 25
0.0136550510653 35 26 27 34
-0.020482576598 35 26 28 33
0.040965153196 35 26 29 32
-0.040965153196 35 26 32 29
0.020482576598 35 26 33 28
-0.0136550510653 35 26 34 27
0.0136550510653 35 27 27 35
0.020482576598 35 27 29 33
-0.020482576598 35 27 33 29
-0.0136550510653 35 27 35 27
0.040965153196 35 28 29 34
-0.040965153196 35 28 34 29
0.040965153196 35 29 29 35
-0.040965153196 35 29 35 29
0.040965153196 35 30 31 34
-0.040965153196 35 30 34 31
0.040965153196 35 31 31 35
-0.040965153196 35 31 35 31
-0.040965153196 35 32 30 37
0.040965153196 35 32 31 36
0.020482576598 35 32 33 34
-0.020482576598 35 32 34 33
-0.040965153196 35 32 36 31
0.040965153196 35 32 37 30
0.020482576598 35 33 33 35
-0.020482576598 35 33 35 33
-0.040965153196 35 36 34 37
0.040965153196 35 36 37 34
-0.040965153196 35 37 35 37
0.040965153196 35 37 37 35
0.010241288299 36 14 14 36
-0.0273101021307 36 14 16 34
-0.0273101021307 36 14 18 32
-0.0273101021307 36 14 22 28
-0.0273101021307 36 14 24 26
0.0273101021307 36 14 26 24
0.0273101021307 36 14 28 22
0.0273101021307 36 14 32 18
0.0273101021307 36 14 34 16
-0.010241288299 36 14 36 14
0.010241288299 36 15 14 37
0.0136550510653 36 15 16 35
-0.040965153196 36 15 17 34
0.0136550510653 36 15 18 33
-0.040965153196 36 15 19 32
0.020482576598 36 15 20 31
-0.020482576598 36 15 21 30
0.0136550510653 36 15 22 29
-0.040965153196 36 15 23 28
0.0136550510653 36 15 24 27
-0.040965153196 36 15 25 26
0.040965153196 36 15 26 25
-0.0136550510653 36 15 27 24
0.040965153196 36 15 28 23
-0.0136550510653 36 15 29 22
0.020482576598 36 15 30 21
-0.020482576598 36 15 31 20
0.040965153196 36 15 32 19
-0.0136550510653 36 15 33 18
0.040965153196 36 15 34 17
-0.0136550510653 36 15 35 16
-0.010241288299 36 15 37 14
0.0136550510653 36 16 16 36
-0.020482576598 36 16 20 32
0.020482576598 36 16 32 20
-0.0136550510653 36 16 36 16
0.0136550510653 36 17 16 37
0.020482576598 36 17 20 33
-0.040965153196 36 17 21 32
0.040965153196 36 17 32 21
-0.020482576598 36 17 33 20
-0.0136550510653 36 17 37 16
0.0136550510653 36 18 18 36
-0.020482576598 36 18 20 34
0.020482576598 36 18 34 20
-0.0136550510653 36 18 36 18
0.0136550510653 36 19 18 37
0.020482576598 36 19 20 35
-0.040965153196 36 19 21 34
0.040965153196 36 19 34 21
-0.020482576598 36 19 35 20
-0.0136550510653 36 19 37 18
0.020482576598 36 20 20 36
-0.020482576598 36 20 36 20
0.020482576598 36 21 20 37
0.040965153196 36 21 26 29
-0.040965153196 36 21 27 28
0.040965153196 36 21 28 27
-0.040965153196 36 21 29 26
-0.020482576598 36 21 37 20
0.0136550510653 36 22 22 36
0.020482576598 36 22 26 30
-0.020482576598 36 22 30 26
-0.0136550510653 36 22 36 22
0.0136550510653 36 23 22 37
0.040965153196 36 23 26 31
-0.020482576598 36 23 27 30
0.020482576598 36 23 30 27
-0.040965153196 36 23 31 26
-0.0136550510653 36 23 37 22
0.0136550510653 36 24 24 36
0.020482576598 36 24 28 30
-0.020482576598 36 24 30 28
-0.0136550510653 36 24 36 24
0.0136550510653 36 25 24 37
0.040965153196 36 25 28 31
-0.020482576598 36 25 29 30
0.020482576598 36 25 30 29
-0.040965153196 36 25 31 28
-0.0136550510653 36 25 37 24
0.040965153196 36 26 26 36
-0.040965153196 36 26 36 26
0.040965153196 36 27 26 37
-0.040965153196 36 27 37 26
0.040965153196 36 28 28 36
-0.040965153196 36 28 36 28
0.040965153196 36 29 28 37
-0.040965153196 36 29 37 28
0.020482576598 36 30 30 36
-0.020482576598 36 30 36 30
0.020482576598 36 31 30 37
0.040965153196 36 31 32 35
-0.040965153196 36 31 33 34
0.040965153196 36 31 34 33
-0.040965153196 36 31 35 32
-0.020482576598 36 31 37 30
0.040965153196 36 32 32 36
-0.040965153196 36 32 36 32
0.040965153196 36 33 32 37
-0.040965153196 36 33 37 32
0.040965153196 36 34 34 36
-0.040965153196 36 34 36 34
0.040965153196 36 35 34 37
-0.040965153196 36 35 37 34
0.010241288299 37 14 15 36
-0.040965153196 37 14 16 35
0.0136550510653 37 14 17 34
-0.040965153196 37 14 18 33
0.0136550510653 37 14 19 32
-0.020482576598 37 14 20 31
0.020482576598 37 14 21 30
-0.040965153196 37 14 22 29
0.0136550510653 37 14 23 28
-0.040965153196 37 14 24 27
0.0136550510653 37 14 25 26
-0.0136550510653 37 14 26 25
0.040965153196 37 14 27 24
-0.0136550510653 37 14 28 23
0.040965153196 37 14 29 22
-0.020482576598 37 14 30 21
0.020482576598 37 14 31 20
-0.0136550510653 37 14 32 19
0.040965153196 37 14 33 18
-0.0136550510653 37 14 34 17
0.040965153196 37 14 35 16
-0.010241288299 37 14 36 15
0.010241288299 37 15 15 37
-0.0273101021307 37 15 17 35
-0.0273101021307 37 15 19 33
-0.0273101021307 37 15 23 29
-0.0273101021307 37 15 25 27
0.0273101021307 37 15 27 25
0.0273101021307 37 15 29 23
0.0273101021307 37 15 33 19
0.0273101021307 37 15 35 17
-0.010241288299 37 15 37 15
0.0136550510653 37 16 17 36
-0.040965153196 37 16 20 33
0.020482576598 37 16 21 32
-0.020482576598 37 16 32 21
0.040965153196 37 16 33 20
-0.0136550510653 37 16 36 17
0.0136550510653 37 17 17 37
-0.020482576598 37 17 21 33
0.020482576598 37 17 33 21
-0.0136550510653 37 17 37 17
0.0136550510653 37 18 19 36
-0.040965153196 37 18 20 35
0.020482576598 37 18 21 34
-0.020482576598 37 18 34 21
0.040965153196 37 18 35 20
-0.0136550510653 37 18 36 19
0.0136550510653 37 19 19 37
-0.020482576598 37 19 21 35
0.020482576598 37 19 35 21
-0.0136550510653 37 19 37 19
0.020482576598 37 20 21 36
-0.040965153196 37 20 26 29
0.040965153196 37 20 27 28
-0.040965153196 37 20 28 27
0.040965153196 37 20 29 26
-0.020482576598 37 20 36 21
0.020482576598 37 21 21 37
-0.020482576598 37 21 37 21
0.0136550510653 37 22 23 36
-0.020482576598 37 22 26 31
0.040965153196 37 22 27 30
-0.040965153196 37 22 30 27
0.020482576598 37 22 31 26
-0.0136550510653 37 22 36 23
0.0136550510653 37 23 23 37
0.020482576598 37 23 27 31
-0.020482576598 37 23 31 27
-0.0136550510653 37 23 37 23
0.0136550510653 37 24 25 36
-0.020482576598 37 24 28 31
0.040965153196 37 24 29 30
-0.040965153196 37 24 30 29
0.020482576598 37 24 31 28
-0.0136550510653 37 24 36 25
0.0136550510653 37 25 25 37
0.020482576598 37 25 29 31
-0.020482576598 37 25 31 29
-0.0136550510653 37 25 37 25
0.040965153196 37 26 27 36
-0.040965153196 37 26 36 27
0.040965153196 37 27 27 37
-0.040965153196 37 27 37 27
0.040965153196 37 28 29 36
-0.040965153196 37 28 36 29
0.040965153196 37 29 29 37
-0.040965153196 37 29 37 29
0.020482576598 37 30 31 36
-0.040965153196 37 30 32 35
0.040965153196 37 30 33 34
-0.040965153196 37 30 34 33
0.040965153196 37 30 35 32
-0.020482576598 37 30 36 31
0.020482576598 37 31 31 37
-0.020482576598 37 31 37 31
0.040965153196 37 32 33 36
-0.040965153196 37 32 36 33
0.040965153196 37 33 33 37
-0.040965153196 37 33 37 33
0.040965153196 37 34 35 36
-0.040965153196 37 34 36 35
0.040965153196 37 35 35 37
-0.040965153196 37 35 37 35
