81
81
84
78
80
75
77
80
86
95
84
80
83
80
77
78
76
79
77
81
78
79
78
79
76
80
77
77
74
83
79
78
81
78
78
78
76
75
76
76
79
80
82
79
82
79
76
79
73
81
77
77
75
72
74
74
74
74
76
84
86
79
74
71
71
73
73
73
73
72
71
73
73
73
76
75
75
76
75
75
75
74
73
71
73
71
73
71
68
70
71
71
76
69
69
69
69
76
83
80
82
80
78
72
71
68
69
67
69
67
67
68
67
69
70
70
67
68
64
67
67
76
70
69
74
72
71
71
72
81
78
76
81
74
72
67
67
72
75
72
68
65
65
69
75
77
75
69
72
64
68
64
64
65
68
69
70
80
76
74
69
67
69
67
68
69
66
67
71
78
75
71
70
72
69
66
65
63
66
66
67
68
66
74
76
81
73
70
69
69
70
68
68
70
69
70
75
76
74
67
67
66
66
66
66
70
69
68
67
64
64
64
66
75
70
67
65
65
73
79
75
65
66
62
63
64
73
80
80
72
70
71
74
68
68
70
74
79
77
75
74
70
70
68
70
72
74
75
73
71
71
71
73
75
79
85
80
77
72
78
80
77
79
77
75
77
82
78
76
74
72
72
69
71
69
68
68
69
70
72
73
74
78
86
82
75
71
70
71
69
74
74
84
80
75
73
75
74
74
74
74
76
76
70
70
68
67
67
67
68
69
69
68
67
68
68
69
72
78
79
77
72
76
91
102
97
90
87
85
79
77
73
74
69
62
57
57
61
61
62
62
60
60
60
61
64
66
69
69
66
66
66
61
63
62
69
68
62
60
61
57
60
60
62
63
65
68
67
66
71
65
66
63
62
62
63
63
64
66
66
68
69
68
68
71
78
80
74
68
68
67
68
67
69
69
69
70
72
70
70
70
68
66
65
64
61
61
62
65
62
63
65
66
68
69
70
68
68
66
66
64
64
63
66
65
66
66
67
67
67
67
67
68
75
77
70
67
67
65
67
67
67
67
67
67
67
67
69
71
70
69
66
68
68
69
70
71
71
73
74
75
76
71
67
67
66
64
62
62
62
63
63
64
66
64
70
73
65
62
63
63
64
65
64
65
64
66
67
67
68
68
70
72
75
78
83
75
75
66
64
62
65
64
64
64
67
67
67
67
67
66
63
62
66
64
67
70
68
67
64
63
63
61
62
62
62
62
61
62
63
64
71
71
71
68
68
67
67
69
65
66
64
63
65
64
75
79
72
68
73
70
66
64
63
62
62
62
64
62
66
67
68
68
67
65
63
62
62
64
66
68
67
68
66
68
87
98
112
100
81
77
66
65
59
57
55
54
56
58
64
68
65
60
56
56
54
54
56
57
58
61
58
60
59
60
63
64
64
62
62
61
65
65
65
66
68
70
74
74
74
68
64
63
63
65
70
66
63
62
67
68
67
63
60
59
60
60
64
61
64
63
61
59
60
60
60
65
66
65
61
59
59
60
59
62
63
65
72
75
76
75
71
69
64
61
62
65
70
71
71
79
72
69
65
64
65
78
75
73
73
71
67
67
67
69
76
75
77
73
70
69
65
68
73
70
71
71
69
69
67
65
69
71
76
75
73
75
72
72
73
73
68
67
64
72
73
76
71
77
73
71
68
68
68
71
71
73
74
75
73
73
73
70
72
69
70
70
80
82
71
66
61
61
60
62
60
61
60
60
64
66
64
62
59
59
64
77
96
109
100
94
94
96
95
100
103
101
92
101
93
89
82
84
86
85
80
80
82
81
94
97
99
97
97
97
93
93
94
94
95
97
94
92
93
97
90
95
95
93
93
100
99
102
103
99
96
92
94
94
94
93
97
97
97
101
103
105
111
105
102
98
102
95
100
102
107
111
117
120
114
112
112
111
112
99
103
104
109
111
126
134
143
145
148
150
154
157
160
160
161
162
164
165
165
165
165
165
164
164
165
165
166
166
166
166
165
165
165
164
164
165
165
166
166
166
167
167
168
169
170
170
168
168
166
167
167
167
167
167
167
167
168
168
170
171
171
172
172
172
171
170
166
165
163
157
150
144
144
139
125
119
116
114
108
106
106
101
96
95
96
98
99
95
92
90
90
94
90
87
88
89
92
95
89
88
86
86
90
85
82
79
81
81
80
81
85
85
83
82
85
86
85
82
77
78
79
77
78
76
80
82
79
79
77
80
82
82
82
81
79
78
79
79
83
81
86
86
88
85
85
80
82
77
80
79
78
78
76
75
76
78
74
77
73
76
79
79
81
78
76
74
76
77
81
78
79
76
78
75
78
74
87
92
90
85
77
77
76
75
78
76
78
75
78
75
78
75
78
76
77
76
80
85
78
76
76
80
80
79
80
81
85
88
83
87
88
81
76
75
75
76
77
78
77
80
82
84
84
88
80
79
78
79
79
81
83
85
85
79
77
74
74
76
74
76
82
83
76
75
80
85
84
80
76
70
74
72
72
72
73
72
73
72
73
71
89
102
114
105
99
99
99
99
99
99
99
99
99
99
99
99

