104
104
104
104
102
102
105
106
103
101
97
93
89
83
81
81
81
80
81
82
81
84
86
86
85
85
84
83
85
85
88
87
85
84
84
85
85
86
87
88
87
86
87
85
83
85
85
85
84
84
85
84
83
84
84
86
87
88
88
89
89
87
86
85
86
83
83
83
84
85
84
84
84
84
84
86
87
88
92
92
92
92
93
95
95
93
89
86
82
82
81
81
81
80
81
80
80
79
80
78
78
80
82
81
81
82
83
83
83
83
82
83
83
83
84
81
80
81
80
82
83
82
82
83
83
84
85
84
84
84
85
84
84
82
83
82
82
83
83
83
82
81
82
81
82
81
83
84
84
84
84
85
85
84
85
85
85
86
86
86
85
86
87
87
87
86
88
88
88
87
87
86
85
82
83
84
84
81
80
82
84
84
87
87
88
88
88
87
87
86
87
89
88
88
87
86
84
85
85
86
89
92
92
89
88
84
83
84
84
84
85
85
82
81
82
80
80
80
82
83
81
82
83
81
82
83
85
85
85
83
82
83
83
83
85
85
87
88
90
87
87
87
88
89
85
85
86
85
88
87
87
87
87
90
90
88
86
86
85
88
88
88
89
88
90
89
89
89
88
88
88
89
91
89
85
84
84
85
85
85
87
87
87
86
88
88
91
95
96
96
91
93
90
92
95
95
93
93
94
94
94
94
94
93
90
90
89
89
89
86
86
86
87
89
91
92
90
92
91
92
92
94
95
94
93
95
106
114
118
113
108
101
102
99
97
99
99
98
91
90
87
89
89
91
89
89
90
93
92
91
91
91
93
92
91
91
91
91
93
93
92
92
91
90
91
91
92
91
90
91
91
91
91
91
90
92
91
91
92
84
87
86
90
91
93
92
92
91
92
92
92
92
92
92
92
92
90
91
92
92
91
91
92
93
95
95
96
98
95
93
91
91
91
92
92
91
90
91
91
92
92
93
93
93
92
90
90
92
97
96
96
96
98
96
91
86
88
89
89
89
87
84
86
85
87
86
86
84
87
86
87
85
86
87
89
87
86
87
89
88
87
83
81
82
84
82
86
91
96
96
87
87
86
84
88
86
85
85
84
84
84
87
87
86
85
88
91
91
88
88
83
86
87
87
88
89
84
87
89
90
91
91
91
90
91
92
92
93
92
92
93
90
89
87
88
89
94
97
95
93
91
92
92
93
93
92
91
91
91
91
89
89
88
89
89
90
93
93
93
93
93
95
94
94
93
92
90
90
91
91
91
94
99
99
94
92
87
88
87
88
89
90
90
90
92
103
117
101
85
78
87
87
93
94
87
82
78
71
71
72
78
77
80
82
81
81
81
82
85
84
81
81
83
81
82
83
82
82
82
80
82
84
85
85
86
87
88
87
83
81
79
81
80
81
85
83
85
86
85
85
84
84
83
82
79
80
81
82
83
85
85
88
90
91
89
86
83
83
89
91
88
89
92
90
87
87
87
87
87
88
86
87
87
87
87
88
90
89
89
88
88
88
88
87
88
86
87
86
88
87
88
90
90
91
92
88
80
78
82
87
90
89
95
94
87
85
89
89
90
88
83
86
87
83
81
81
81
82
84
82
84
84
84
83
81
83
84
86
86
85
84
84
89
82
78
78
79
83
82
82
82
79
78
82
83
82
79
81
83
83
84
84
83
83
84
84
84
83
83
85
84
84
82
82
82
85
97
107
116
108
106
105
106
105
103
105
106
107
107
109
107
107
106
107
107
105
103
100
98
103
107
105
106
107
107
107
108
108
109
110
107
108
107
106
106
104
103
102
103
105
103
106
101
101
104
104
104
105
103
102
101
100
101
102
102
100
102
99
102
101
102
103
105
106
105
106
106
105
107
109
105
104
106
106
102
100
101
98
101
107
114
119
124
126
127
129
129
130
134
136
137
139
140
140
142
142
141
141
142
142
142
142
142
142
142
142
142
142
142
143
143
143
143
141
142
144
147
148
147
148
147
146
146
145
147
148
147
147
147
146
146
146
147
147
148
147
146
146
148
147
148
147
146
144
139
138
132
130
125
118
117
113
103
102
100
98
98
99
98
99
102
99
96
95
95
95
95
96
96
95
96
96
94
94
93
94
95
94
95
95
94
95
94
94
92
94
93
94
92
92
92
92
91
91
91
91
92
92
92
92
89
89
89
88
90
90
90
89
89
89
90
90
89
89
90
92
91
91
92
93
92
91
91
90
91
91
91
91
90
89
90
90
91
91
90
89
91
93
90
90
87
87
89
89
90
90
91
91
92
92
91
91
90
90
90
90
90
90
87
88
89
90
90
91
91
91
91
91
91
91
91
89
90
90
90
90
92
92
92
92
89
89
90
90
90
90
90
90
91
91
91
91
90
90
92
92
92
93
90
89
89
89
88
88
89
90
90
90
90
89
91
90
91
90
91
91
93
98
111
119
111
108
106
106

