80
80
85
86
93
95
98
96
91
90
83
89
84
80
74
70
67
63
63
64
64
71
69
66
68
64
63
60
59
59
59
58
62
62
62
61
61
60
61
66
65
68
68
67
66
65
63
64
64
64
64
64
63
62
61
62
66
66
66
63
63
65
64
63
63
66
65
66
69
65
64
68
72
69
69
68
68
67
67
68
67
65
67
68
69
67
70
69
68
65
65
63
64
65
66
69
68
68
69
71
71
70
71
75
73
71
71
69
68
67
65
67
66
66
66
68
67
67
65
65
67
67
71
67
67
72
69
72
70
73
71
74
74
71
69
68
67
69
68
67
68
75
73
72
71
70
69
73
69
70
70
69
70
68
71
71
72
69
69
66
67
65
66
66
64
63
64
64
67
66
66
67
68
70
74
80
79
77
74
71
69
67
69
69
68
70
70
74
74
80
86
96
98
96
90
87
81
72
70
68
68
72
67
67
67
68
70
69
67
65
67
66
69
67
68
69
69
67
68
68
71
72
71
70
70
68
71
69
69
74
79
78
79
74
75
72
73
71
72
68
68
67
69
67
70
66
65
64
65
67
67
79
82
87
87
77
75
78
73
70
72
70
72
68
67
67
68
68
69
72
71
67
68
69
72
71
69
68
67
64
65
65
68
68
66
66
68
70
70
70
69
70
69
68
69
66
65
64
65
66
67
66
65
66
63
63
62
67
69
83
99
108
102
99
97
85
82
79
78
73
69
65
62
62
65
69
67
64
63
64
67
74
70
68
67
62
62
66
65
68
69
66
65
66
64
66
66
67
67
66
67
66
66
66
72
73
73
71
69
69
69
68
71
69
69
70
71
70
71
69
69
73
75
79
81
76
75
75
72
75
75
71
72
74
72
68
69
69
74
75
74
71
71
74
74
76
73
76
75
74
74
72
72
75
71
74
74
73
73
74
74
80
82
80
78
76
77
81
81
77
74
75
73
75
76
75
76
76
76
74
72
70
68
70
71
71
71
73
77
79
76
73
71
75
71
75
74
74
78
74
72
73
73
73
72
72
72
72
73
73
70
76
76
84
79
78
81
78
80
76
77
77
76
85
88
83
80
78
76
76
75
75
73
73
77
75
77
84
88
86
83
78
75
72
77
87
90
91
89
79
79
72
71
68
71
76
79
76
78
81
84
81
79
80
76
80
86
80
80
81
79
79
78
78
80
74
77
78
78
80
80
78
78
78
81
78
78
78
77
81
83
88
89
82
83
79
81
81
93
108
103
86
88
86
80
74
75
68
67
62
63
64
63
65
72
72
71
68
66
64
64
65
66
63
64
68
67
68
66
64
65
63
64
64
64
68
68
69
67
66
66
67
66
65
64
72
68
68
67
65
74
72
70
66
68
71
71
73
71
74
69
67
70
70
77
78
75
73
70
68
69
70
70
69
68
68
70
68
67
68
69
66
66
66
69
69
70
68
68
69
74
71
70
69
70
67
68
67
66
66
65
65
66
66
67
65
65
65
69
67
70
74
77
77
79
72
75
70
70
69
69
67
68
67
69
68
67
66
69
71
73
73
71
71
71
69
72
77
78
74
73
71
76
71
68
70
68
70
69
70
71
70
68
70
68
66
66
64
67
68
68
70
69
68
69
68
73
68
70
69
69
71
74
77
75
81
83
84
95
104
99
91
89
98
100
98
95
97
90
91
91
89
85
91
97
100
88
92
100
109
115
108
105
111
104
99
94
92
91
87
92
85
82
75
70
72
74
73
77
81
81
86
84
88
83
77
75
76
75
82
83
91
94
90
89
91
84
79
82
82
82
82
83
88
80
86
89
88
88
88
87
95
98
99
94
94
98
100
102
102
100
96
98
97
97
96
98
102
104
105
106
101
97
93
95
98
99
93
93
95
100
102
102
99
94
97
99
93
92
95
97
96
97
100
102
102
101
101
100
103
103
102
101
101
102
103
96
102
99
107
120
130
134
131
134
140
143
148
150
150
151
152
153
156
156
156
157
158
159
160
163
167
168
169
169
170
170
170
170
171
171
172
172
173
173
174
173
174
174
174
174
176
175
175
175
177
178
178
179
179
179
178
178
178
178
178
179
179
179
179
179
178
176
172
172
169
168
166
164
163
159
155
151
144
140
131
130
127
124
120
118
117
117
121
119
117
114
111
108
111
108
108
108
106
104
109
109
107
103
104
102
100
99
100
99
101
102
103
103
104
104
102
100
103
104
101
98
99
100
97
95
92
95
94
98
98
101
100
98
99
99
98
99
97
97
98
96
96
95
95
94
94
93
95
98
97
96
96
95
92
92
87
91
88
90
88
89
91
91
91
94
99
98
97
94
92
91
92
91
92
94
93
97
95
98
94
96
98
104
105
100
97
95
89
93
98
96
94
94
93
93
92
92
93
92
93
94
98
98
102
101
98
94
92
92
91
92
91
91
87
88
87
86
88
84
89
86
88
91
94
97
88
90
90
89
93
95
91
89
88
88
89
88
88
87
90
93
88
89
87
88
87
85
88
94
92
92
91
91
90
89
90
92
106
120
130
128
130
119
114
121
119
114
116

