87
87
94
98
99
101
96
97
94
94
92
93
90
95
95
92
88
85
85
91
92
93
91
94
90
88
89
91
87
86
90
85
87
88
88
92
91
92
90
89
87
87
85
88
87
86
85
87
88
89
89
88
89
87
84
87
86
85
87
89
87
90
91
95
97
94
93
91
90
88
89
86
83
85
86
88
89
90
88
88
89
87
87
89
89
92
95
90
87
86
86
87
83
86
87
88
90
90
90
90
90
90
90
89
88
85
86
85
86
85
83
86
84
87
86
87
87
85
87
85
85
86
85
88
89
92
91
93
94
93
93
91
89
88
86
92
90
88
87
86
86
85
87
86
83
83
84
84
86
86
88
85
87
85
82
80
81
83
82
81
81
81
84
85
84
92
92
90
88
88
87
86
85
86
88
81
81
80
83
82
81
85
83
83
84
85
85
89
91
84
82
83
81
82
83
83
83
80
78
78
79
78
82
80
83
81
82
85
83
84
83
86
86
88
87
86
86
85
85
86
88
93
91
89
88
89
88
91
88
85
87
84
85
84
85
82
84
84
81
85
84
85
83
80
86
86
87
85
85
85
86
85
84
85
86
87
87
88
88
89
88
88
86
87
86
88
88
86
87
88
89
94
92
89
87
88
87
87
87
90
88
88
86
87
87
87
88
88
87
87
87
87
87
89
89
93
95
80
79
77
77
78
83
81
83
84
85
89
89
87
86
85
87
86
83
82
89
103
112
105
103
100
101
105
106
106
101
100
98
98
91
84
85
77
78
76
77
77
80
79
77
76
76
77
78
77
79
77
83
76
78
79
75
75
76
80
78
80
80
76
78
73
73
80
76
83
89
86
85
83
80
82
81
79
79
77
79
81
83
82
84
81
83
80
79
74
77
77
81
82
80
79
79
77
74
78
80
80
78
79
76
81
78
77
79
78
78
78
80
82
81
80
80
78
79
81
81
79
74
80
78
81
78
79
79
79
78
79
80
74
76
80
84
82
87
86
87
85
83
86
83
84
81
79
75
77
78
78
80
80
82
78
79
80
79
82
86
81
82
83
81
79
78
78
81
81
82
85
88
86
85
80
77
82
78
80
78
79
80
79
79
79
78
80
80
77
78
77
78
79
80
78
79
80
80
78
79
78
79
77
77
77
81
77
83
84
82
79
78
77
77
80
83
82
85
83
81
81
78
78
75
78
81
89
98
94
84
84
82
84
79
81
83
80
79
78
77
76
77
75
73
77
75
78
72
73
74
76
76
79
77
74
74
76
90
106
110
98
94
93
91
92
96
92
85
81
78
81
83
86
80
75
78
76
78
77
77
77
78
78
82
82
84
87
87
85
83
87
81
84
78
75
79
80
77
77
76
79
80
77
83
82
81
81
82
84
87
89
85
84
84
86
81
76
78
78
77
78
79
77
76
74
74
74
78
80
82
79
80
80
79
79
83
85
89
94
92
87
84
80
82
80
81
80
81
81
80
81
81
83
82
85
85
91
92
89
87
86
85
84
82
80
82
83
84
84
82
83
81
81
79
81
79
79
79
81
81
84
85
86
85
84
83
80
82
82
82
82
81
82
79
81
79
79
79
83
85
85
83
80
84
86
84
83
81
81
81
82
81
81
83
81
83
84
84
83
83
81
83
81
80
78
77
74
74
73
76
78
82
88
89
87
81
79
82
94
105
103
100
99
99
101
101
99
103
108
104
93
92
91
86
90
88
94
95
92
94
85
84
89
92
90
90
87
89
87
91
93
91
89
92
99
97
90
94
98
101
106
108
108
106
108
108
111
109
105
104
106
109
108
107
112
108
107
107
109
109
104
106
103
106
108
108
112
114
110
110
112
112
114
113
114
112
110
113
108
106
111
109
111
115
110
108
110
108
109
109
108
108
113
120
128
135
141
143
148
151
155
156
159
159
160
161
162
163
164
166
167
167
168
168
169
168
169
170
171
171
170
171
170
170
170
170
170
171
172
172
173
173
173
172
172
173
174
171
167
167
167
167
167
168
171
172
173
173
174
174
174
174
173
172
169
167
163
153
145
145
131
130
132
133
130
129
119
115
117
114
111
110
111
104
102
107
111
109
105
98
97
100
101
102
101
104
112
115
108
112
105
105
105
106
103
104
100
99
98
98
95
95
96
99
95
98
95
97
95
95
97
95
96
92
93
90
94
94
96
95
92
92
96
94
88
89
88
89
91
91
97
97
90
91
91
91
96
96
93
90
91
91
93
93
86
88
84
85
82
83
83
87
89
92
95
92
95
97
87
90
90
86
87
87
85
86
85
86
84
86
87
91
87
88
93
91
89
88
87
86
87
85
89
88
90
86
86
85
80
83
84
84
85
85
88
86
88
89
92
96
89
93
82
82
82
81
79
79
81
82
85
84
84
84
84
86
86
87
93
94
89
89
85
88
84
85
86
86
85
85
84
86
82
77
80
79
81
79
82
81
86
85
91
91
87
88
94
91
91
87
87
85
83
81
86
83
83
85
85
85
87
85
86
85
85
86
85
87
85
85
83
83
81
83
81
83
84
84
88
87
88
89
93
93
87
86
82
85
82
83
83
83
81
81
89
96
114
104

