73
73
82
81
80
77
81
86
94
92
93
93
90
88
88
88
81
78
74
72
70
68
68
65
65
64
66
67
66
64
63
62
62
63
65
66
69
67
64
66
64
63
62
61
59
61
60
60
62
66
66
66
66
65
66
66
64
69
71
71
70
72
71
70
69
74
71
69
68
68
68
66
65
66
69
69
73
76
71
69
66
68
70
70
73
69
68
65
67
65
64
61
62
62
63
62
61
63
62
64
66
63
66
66
63
58
60
60
68
67
66
65
61
60
61
60
61
62
63
62
62
60
62
63
64
66
66
68
81
82
79
71
67
65
63
64
64
64
64
63
62
63
63
63
75
70
66
63
63
63
61
60
65
63
64
65
64
65
64
65
65
66
65
66
70
66
62
62
65
65
66
67
67
67
66
66
67
67
64
63
63
61
63
64
69
72
69
68
67
64
66
64
64
64
66
66
65
64
68
70
77
79
73
69
74
79
82
80
76
76
68
63
63
60
62
62
63
61
64
64
65
63
63
62
60
60
69
65
63
60
58
59
61
62
61
62
61
61
60
62
62
68
63
65
63
63
58
57
57
57
65
65
72
74
72
71
68
67
63
62
60
60
59
61
62
64
66
62
58
57
57
57
57
58
60
61
58
60
61
61
61
62
61
61
62
60
62
58
58
57
58
57
59
61
61
71
63
60
58
59
58
59
59
62
62
62
65
69
64
64
61
62
62
64
61
59
56
56
64
68
72
72
70
65
62
61
68
75
73
69
70
67
69
75
86
92
88
87
74
73
74
72
67
64
62
61
61
61
61
60
63
63
64
64
64
64
62
60
61
64
68
77
79
74
64
62
59
61
70
72
66
63
60
59
56
58
61
64
67
68
68
74
72
72
64
62
60
59
58
58
59
60
59
62
64
63
66
67
67
66
66
66
64
61
61
60
57
57
57
60
62
71
78
86
84
83
72
66
63
65
61
60
58
58
59
61
63
62
63
63
62
61
62
61
62
62
62
61
59
60
60
58
58
58
61
60
60
58
59
59
61
59
57
58
61
59
59
61
59
62
60
64
60
58
57
57
57
59
56
62
61
59
60
59
65
65
64
64
65
66
63
61
61
60
61
61
68
68
72
72
73
72
66
62
61
59
58
60
59
57
59
57
59
57
60
59
63
63
66
66
73
78
86
86
74
67
61
59
59
61
63
72
78
76
68
68
65
65
62
63
73
68
63
64
62
63
62
64
65
67
65
65
63
67
62
64
65
65
65
68
71
71
76
75
69
67
70
68
65
68
78
80
75
73
75
73
68
68
67
67
67
72
75
82
96
96
92
86
80
81
78
81
76
70
64
62
60
61
65
67
70
69
66
60
60
59
60
66
66
65
62
61
59
60
59
57
57
58
59
60
62
64
62
61
60
58
59
61
60
61
61
63
65
71
70
66
64
62
58
57
57
58
59
66
67
66
64
64
61
62
67
64
62
61
61
61
63
71
66
66
63
62
60
61
61
61
67
68
67
67
66
66
69
70
64
64
60
59
59
59
58
58
61
61
63
65
62
63
65
66
63
62
62
63
76
80
71
65
62
61
60
60
60
60
62
65
61
62
60
60
60
59
61
57
60
59
59
63
66
67
76
72
64
61
57
58
61
70
79
76
73
73
74
71
66
66
66
67
69
71
69
67
64
65
64
63
65
65
65
66
66
66
67
68
69
68
67
66
67
69
73
77
79
77
85
92
99
95
90
91
89
85
84
87
87
89
84
82
78
76
78
78
75
74
75
79
87
83
78
79
81
82
85
85
85
85
89
93
90
88
86
87
87
88
87
86
86
85
86
85
86
86
91
92
91
89
88
89
91
89
87
88
89
90
90
92
88
87
89
88
87
85
84
84
84
86
87
93
94
89
85
84
86
87
88
92
102
108
114
116
118
119
119
122
128
129
131
130
130
131
133
133
133
134
134
135
137
139
139
139
139
139
141
143
142
143
143
143
143
144
144
145
145
146
146
146
145
144
144
143
144
145
145
146
146
145
146
146
147
148
150
150
150
149
146
147
145
144
142
140
135
131
129
128
123
121
119
113
113
111
107
102
100
99
94
91
88
88
84
84
83
84
84
86
83
80
79
79
83
83
83
81
80
85
83
83
82
82
87
84
80
78
79
78
79
80
76
75
71
72
73
73
73
73
74
77
81
83
79
78
76
75
74
75
78
77
79
80
79
79
77
78
76
74
72
70
69
70
69
71
71
70
72
72
74
76
75
74
74
74
83
84
82
80
77
78
78
77
75
73
75
73
73
72
70
69
69
70
70
70
70
69
69
69
68
70
72
71
68
67
66
66
67
66
66
68
67
69
67
68
66
69
66
66
65
65
67
67
67
67
67
69
72
73
72
71
69
70
69
70
71
71
71
72
72
78
83
78
73
71
70
69
69
68
69
69
70
72
75
75
75
71
71
77
80
78
73
71
70
68
67
67
66
66
66
66
66
67
68
77
89
93
97
96

