77
77
83
89
90
91
85
89
84
84
88
96
102
105
102
97
98
95
86
83
88
89
80
74
70
66
65
66
70
72
71
69
69
67
66
71
70
71
72
73
68
69
68
65
64
68
77
79
76
75
72
72
76
80
78
72
74
72
74
84
92
94
93
93
97
95
94
85
87
86
86
78
84
83
82
80
82
83
82
83
88
94
95
95
87
78
79
88
91
89
89
79
77
82
88
89
83
81
83
81
75
73
71
70
74
77
79
76
78
88
85
86
80
74
74
73
76
84
80
75
74
71
72
68
70
78
76
73
70
70
70
69
69
73
70
71
71
71
67
69
69
73
75
78
84
81
76
73
71
73
72
74
73
72
70
73
74
85
81
77
82
76
76
71
71
70
73
77
77
85
89
82
76
72
72
74
76
78
77
79
83
89
87
83
80
94
91
81
83
77
72
72
70
72
76
80
79
83
81
81
79
76
83
77
73
78
73
71
68
67
66
74
77
77
72
68
71
72
74
70
69
68
74
74
71
68
68
72
82
83
76
74
71
71
71
71
74
74
74
69
73
71
78
79
77
75
71
78
74
77
72
72
70
70
70
74
82
85
85
77
78
80
80
81
80
77
82
86
87
89
89
86
80
76
76
72
73
73
73
73
72
74
74
73
80
86
91
95
97
91
91
90
93
91
87
86
82
83
87
93
85
80
78
78
79
81
83
89
92
93
90
84
79
78
76
86
81
89
95
86
82
85
81
80
81
93
101
106
103
100
91
96
101
106
101
93
83
79
80
72
74
73
72
68
67
67
70
70
69
79
83
86
79
81
77
74
76
71
70
74
70
78
80
86
84
80
74
71
73
74
78
77
72
76
81
79
79
84
85
87
81
75
70
69
76
72
71
72
74
74
73
77
77
84
79
79
79
76
74
76
78
76
85
82
80
74
76
71
76
76
77
88
95
91
83
86
81
79
74
74
75
74
74
72
72
76
78
81
85
93
89
84
80
80
84
86
84
82
82
75
73
69
70
67
71
71
72
71
83
89
84
81
82
87
95
90
82
76
80
73
72
74
75
83
91
88
84
85
88
93
91
80
79
77
75
77
81
83
82
76
77
76
79
83
86
90
87
87
83
79
81
79
77
77
80
88
85
78
79
77
77
80
78
79
79
79
80
81
81
82
90
87
84
85
79
79
75
74
73
83
75
80
80
83
80
78
77
78
80
78
81
83
88
93
94
95
91
89
94
100
102
100
102
98
98
100
94
90
97
87
82
78
83
80
80
83
95
102
107
97
87
77
82
84
78
71
69
64
70
76
81
73
72
86
79
70
69
68
65
66
65
63
68
76
74
71
75
85
87
89
90
94
87
87
88
83
82
87
92
99
98
99
95
94
92
97
96
93
92
92
92
97
97
94
94
92
93
93
92
91
92
96
96
82
76
71
76
82
89
92
85
74
71
72
78
87
83
78
75
68
69
69
70
73
70
69
74
74
71
72
76
75
74
76
75
75
73
84
83
77
74
74
74
71
77
74
77
75
76
83
84
78
86
90
85
87
94
102
97
88
89
92
94
93
95
92
89
88
90
99
94
91
86
92
83
75
73
79
81
82
84
80
81
85
91
93
95
92
91
90
94
93
95
95
98
99
101
98
94
92
93
91
91
91
92
92
91
89
88
91
90
95
93
93
94
95
96
95
93
96
94
92
92
92
92
94
95
97
97
96
95
98
98
100
96
99
96
107
115
126
132
135
136
139
142
146
148
150
152
154
155
156
158
160
161
161
161
161
161
163
164
164
164
164
165
165
164
162
162
162
163
164
165
165
166
166
166
166
166
166
166
166
165
165
165
164
165
165
166
167
168
168
168
168
168
169
169
167
163
158
155
150
149
145
139
137
133
129
128
129
123
119
114
109
107
108
102
96
96
97
94
91
91
88
92
91
87
90
91
88
88
87
86
81
86
91
92
92
88
88
88
87
91
86
82
96
98
94
92
91
88
91
92
92
95
89
89
88
86
86
83
83
81
82
78
80
85
83
83
84
86
85
86
85
83
87
86
85
85
87
89
87
83
85
82
85
85
83
83
82
83
87
87
84
83
85
88
91
89
91
84
82
82
86
84
86
88
87
85
85
90
94
89
90
89
86
85
87
88
89
90
89
87
88
90
90
88
83
87
84
85
81
81
80
86
85
88
91
90
88
86
87
85
83
88
95
93
94
94
95
93
97
99
96
94
84
88
86
88
84
90
92
95
96
95
91
88
93
90
88
94
95
94
101
101
100
88
80
84
87
84
87
82
86
83
81
82
88
84
79
86
101
111
102
89
90
91
96
97
97
95

