98
98
98
96
94
94
94
92
92
93
93
95
94
93
93
93
96
95
95
95
96
95
99
98
101
101
102
102
105
107
102
103
100
100
98
99
96
98
93
95
101
101
101
98
97
97
97
97
96
96
97
98
99
98
100
101
100
101
101
99
102
102
100
98
96
96
97
96
94
96
95
95
98
100
97
98
94
97
96
95
93
95
96
95
94
93
94
94
95
96
97
96
99
103
99
95
93
91
92
92
94
92
92
94
94
94
90
93
94
97
96
96
95
93
92
91
92
93
94
97
97
97
93
93
95
95
95
95
96
97
97
97
99
97
99
96
93
94
92
94
95
95
96
95
95
95
93
95
96
96
94
94
96
97
98
99
98
101
98
97
96
98
99
97
95
95
92
92
94
94
92
94
93
93
93
92
92
92
94
95
94
95
96
97
97
94
94
92
92
92
92
90
95
94
95
94
94
94
93
94
96
95
98
95
96
94
94
89
93
98
92
90
86
86
88
88
90
90
93
95
93
94
93
96
100
100
97
93
93
94
93
92
91
92
95
94
94
93
93
93
96
94
92
91
92
92
95
94
94
94
93
92
91
92
90
93
92
94
95
94
93
94
93
96
96
96
95
96
97
96
97
95
98
96
92
89
91
93
93
93
92
94
93
95
94
94
97
97
95
95
94
95
94
93
93
94
91
91
91
92
92
93
94
94
98
97
94
95
92
93
95
96
102
102
103
101
100
100
100
100
99
98
99
100
103
104
100
96
108
116
122
117
111
107
109
109
104
107
105
104
101
98
94
93
94
95
93
91
90
90
90
91
90
89
93
97
95
92
90
91
92
90
89
89
90
90
88
88
89
88
89
90
92
92
90
89
89
88
90
90
88
89
90
89
91
95
92
90
88
89
88
92
89
89
88
89
91
91
89
89
89
89
89
91
93
92
91
90
91
90
90
90
90
92
92
90
91
93
91
90
89
89
89
89
90
89
89
89
90
89
89
89
91
92
91
91
90
90
90
90
91
92
93
95
93
91
90
89
90
89
87
87
87
87
85
86
87
88
87
89
87
87
86
85
85
86
85
88
91
91
89
89
89
88
90
87
89
88
86
86
85
83
84
85
86
86
88
89
89
89
86
86
86
87
87
88
87
86
84
83
85
85
86
90
100
100
98
97
97
94
91
93
95
97
96
95
92
90
90
90
90
90
90
88
90
92
94
92
95
94
92
93
93
94
93
94
94
98
100
98
97
97
97
95
94
95
94
93
91
90
89
91
89
88
88
88
89
90
90
92
95
92
90
87
86
87
88
86
95
104
117
119
100
98
97
96
98
100
96
100
96
94
94
100
98
99
95
92
89
90
94
97
102
102
97
96
93
92
89
87
90
90
92
90
93
92
93
92
97
94
96
101
99
95
98
98
94
99
94
92
92
98
94
97
90
90
93
91
92
91
96
97
97
96
92
92
94
92
96
96
96
98
97
99
97
98
103
102
98
96
99
99
97
97
95
96
94
94
94
96
97
99
102
99
96
91
91
91
91
93
95
98
96
98
94
97
96
94
95
95
95
92
94
95
92
92
92
96
103
108
105
98
93
91
91
90
92
93
95
95
96
98
96
98
95
94
99
94
90
88
87
86
87
89
90
92
92
91
91
93
92
93
94
95
97
96
97
97
93
91
88
90
91
91
91
87
90
92
97
92
93
92
93
93
93
92
95
92
93
92
95
92
93
92
92
93
96
94
95
94
96
103
117
122
116
113
110
107
108
108
109
116
118
112
109
107
112
103
106
107
96
100
105
107
107
109
114
115
115
112
115
116
118
117
114
115
115
114
111
111
111
112
113
114
115
116
115
116
113
117
113
116
116
116
116
115
115
116
114
115
113
114
114
116
116
116
115
117
115
114
113
115
113
115
114
114
114
114
114
113
115
124
141
148
153
155
156
158
161
163
165
166
168
169
171
172
173
174
175
176
177
178
178
178
179
179
180
181
181
181
182
181
180
181
182
182
182
183
183
183
184
184
184
185
185
185
185
185
186
186
186
186
186
187
187
187
187
187
187
187
187
187
186
184
181
177
168
161
154
155
150
145
137
134
131
126
121
118
114
112
112
110
108
110
110
110
111
107
106
107
106
103
103
101
101
101
98
100
98
98
97
97
96
98
99
98
97
97
100
99
99
99
101
103
97
96
96
98
98
96
94
97
96
97
96
97
98
101
109
109
98
97
94
96
94
95
93
95
96
96
93
93
91
92
91
92
89
91
90
93
93
93
92
92
92
91
93
97
102
99
99
98
96
98
98
97
99
101
104
103
98
95
93
93
92
92
91
92
91
94
95
94
92
92
92
92
93
94
93
93
93
93
93
93
93
95
95
98
96
92
88
90
91
92
93
94
94
91
90
89
92
91
93
94
93
94
91
92
92
93
93
93
94
92
92
90
89
89
90
89
93
96
98
100
96
95
94
91
94
94
94
92
92
92
92
91
91
92
92
92
92
93
92
91
91
99
116
119
113
112
108
108

