59
59
65
65
57
61
66
68
60
68
86
86
86
86
86
86
86
86
86
86
86
86
86
86
85
85
84
83
83
83
67
67
90
90
82
82
85
85
85
85
85
83
83
76
94
88
87
87
87
87
87
83
84
84
84
85
86
87
86
87
86
88
86
86
88
88
86
85
85
89
92
106
119
124
126
125
127
131
137
141
144
145
147
148
150
151
152
152
153
154
155
155
155
154
155
156
157
158
159
160
159
159
159
159
160
160
161
162
162
162
163
163
163
162
163
162
162
162
162
161
161
161
161
162
162
161
162
162
161
162
161
157
151
150
144
141
135
131
124
122
122
119
113
108
105
102
96
94
93
93
93
90
76
74
73
73
68
69
71
74
68
70
69
70
72
75
74
73
72
73
73
74
79
76
74
72
73
71
68
69
72
71
74
73
77
76
73
74
75
75
75
74
72
72
74
74
72
73
72
71
72
72
73
74
73
74
72
74
74
76
76
76
76
77
77
80
81
78
75
75
75
75
74
73
72
71
71
72
74
76
77
77
77
75
77
76
77
75
74
75
76
77
72
74
72
73
70
72
72
72
74
74
73
73
73
73
72
74
74
74
73
72
74
72
73
74
74
73
74
73
73
74
75
74
75
74
76
76
76
77
77
79
77
76
75
76
78
77
74
74
75
75
75
73
74
75
75
76
75
75
75
76
76
77
79
80
78
81
83
81
77
75
75
75
76
78
78
84
97
100
90
89
90
89
90
89
88
89
87
89
88
86
93
91
91
90
91
90
86
87
91
91
85
84
86
87
87
87
87
87
87
87
87
87
87
87
87
87
87
87
87
87
87
87
87
87
87
87
87
87
87
87
87
87
87
87
87
87
87
87
87
87
87
87
87
87
87
87
87
87
87
87

