88
88
88
93
92
92
93
94
94
96
93
93
95
91
91
94
97
101
99
102
100
98
95
97
97
94
91
81
77
77
78
82
86
79
76
71
73
72
75
76
78
77
78
79
78
82
80
80
79
79
78
79
81
78
82
81
88
85
82
77
79
80
80
84
90
92
94
96
94
94
91
89
93
88
86
86
90
85
81
79
80
82
83
85
86
84
83
83
84
86
88
83
83
85
85
90
87
85
82
82
81
79
81
80
80
83
80
78
82
85
82
82
81
82
87
79
78
80
79
82
84
79
78
78
76
78
78
77
78
78
79
78
79
81
80
80
79
85
87
83
82
80
80
83
81
78
76
76
76
78
82
81
82
88
89
83
86
83
80
84
85
82
83
83
82
84
85
82
80
81
80
79
79
80
80
80
79
81
81
81
80
78
78
77
79
78
78
78
78
78
78
83
81
81
79
80
79
79
77
75
75
74
74
75
77
78
81
77
79
76
78
80
82
86
88
90
87
90
89
85
82
82
83
82
83
82
80
80
82
82
79
77
76
77
78
82
82
79
78
78
78
79
80
78
79
77
79
80
81
76
76
76
77
79
80
79
80
77
79
80
79
79
78
79
78
79
79
78
78
78
78
78
79
85
83
81
80
80
80
81
81
82
84
83
85
82
80
87
89
82
81
78
78
78
79
78
80
77
79
79
80
80
78
81
82
82
82
80
79
78
79
81
81
80
81
86
87
82
79
79
80
80
80
81
81
86
86
87
85
87
86
81
89
101
101
96
96
100
102
98
101
107
110
113
109
103
102
97
90
91
92
89
83
90
88
85
84
86
85
87
87
91
93
98
96
97
97
90
89
78
73
73
73
78
77
75
74
71
71
77
79
81
81
83
78
75
72
75
74
74
74
74
77
78
77
77
77
79
79
80
83
81
78
77
76
77
75
75
77
77
77
76
79
78
74
75
74
73
73
73
73
72
72
74
73
73
74
75
76
75
76
75
75
74
75
77
77
81
88
89
88
85
75
72
71
72
75
76
77
75
74
76
76
74
78
81
80
79
80
83
84
79
79
74
74
76
77
76
77
79
79
77
76
77
81
83
84
80
77
78
78
76
77
75
74
76
76
77
83
82
78
77
75
77
77
77
76
75
76
76
76
77
77
78
79
78
80
79
78
79
78
80
80
79
82
81
79
77
76
78
77
77
79
77
76
78
79
82
83
86
91
94
91
87
87
88
86
89
83
75
76
75
75
76
76
76
77
79
81
84
82
80
82
78
76
78
75
76
75
76
75
76
77
75
74
76
74
76
76
78
79
77
77
78
80
82
84
79
79
80
77
76
76
81
81
81
81
76
78
77
77
81
82
90
92
99
99
92
91
89
90
91
90
88
86
89
94
96
85
86
82
80
74
80
76
77
77
79
80
79
81
83
82
89
90
84
80
77
72
77
77
76
81
76
76
76
76
78
78
79
78
77
76
77
78
81
87
81
75
72
77
78
76
74
77
80
82
86
85
84
83
87
84
86
83
82
83
84
84
85
84
81
80
80
79
80
81
83
84
82
79
82
81
78
77
79
80
83
83
86
79
80
87
89
93
97
95
90
90
91
89
85
83
88
90
88
87
89
93
93
88
87
87
83
81
85
88
88
89
82
79
78
78
82
81
81
80
80
82
85
84
81
81
76
77
79
78
80
78
80
79
79
84
79
79
78
76
75
76
75
74
74
74
76
77
82
81
79
78
73
73
77
80
86
87
84
82
78
77
74
75
78
79
81
82
86
86
84
85
85
90
101
98
87
86
91
95
98
104
96
86
94
101
98
94
95
92
92
87
88
88
86
86
89
81
84
83
84
86
82
78
78
79
82
82
81
83
85
86
86
85
84
84
82
80
83
88
80
82
83
83
88
87
86
92
98
93
93
95
94
90
80
84
90
96
96
99
99
101
103
105
98
99
103
101
101
100
101
100
101
99
101
99
94
97
96
96
98
98
102
102
101
100
99
101
100
99
100
98
98
97
98
95
98
100
102
106
106
104
104
104
98
99
98
99
95
97
97
98
99
98
110
110
110
130
130
130
130
130
130
130
130
130
130
130
130
130
130
130
130
130
130
130
130
130
130
130
130
130
130
130
130
130
130
169
169
169
169
169
158
165
165
165
164
159
159
173
177
177
164
164
164
164
164
164
165
165
178
178
178
164
164
164
161
162
156
152
148
146
144
141
135
132
129
131
126
123
121
114
109
109
108
107
98
92
89
87
89
90
92
86
88
87
87
86
90
89
87
87
86
86
85
86
86
87
88
86
85
85
84
84
83
85
85
86
84
85
85
89
90
89
87
86
88
88
91
87
85
84
88
86
85
84
85
84
84
84
85
84
84
84
85
84
84
88
87
87
85
86
84
84
83
83
83
84
84
83
83
84
84
86
88
88
85
85
84
84
83
83
84
86
85
86
88
88
87
83
84
83
84
84
84
84
84
85
87
88
86
87
86
86
87
88
87
90
89
87
84
84
84
85
83
85
84
84
89
88
87
87
87
86
85
87
88
88
94
94
90
91
90
90
88
88
88
89
88
87
89
91
92
91
92
93
90
92
92
94
97
97
99
99
101
98
94
96
93
92
92
90
88
89
91
89
85
85
89
87
86
83
85
88
89
84
84
84
89
97
109
108
102
95
94
91
94
98
95
95
96
86
82
82

