88
88
93
91
95
93
94
94
94
96
90
85
80
79
75
76
75
76
75
78
79
79
78
78
77
76
75
76
76
75
81
81
77
76
76
75
73
75
76
76
75
75
75
77
78
78
76
78
79
79
76
76
74
76
76
77
79
78
77
77
77
79
79
75
77
76
76
76
77
77
78
78
79
77
81
82
79
79
75
76
77
78
80
80
85
82
81
81
84
85
83
86
82
80
80
80
78
78
77
78
82
83
87
83
79
77
77
77
79
80
81
85
84
81
79
78
80
81
80
79
78
79
83
86
86
83
81
78
79
79
79
78
76
77
78
79
79
79
80
79
77
77
78
80
83
82
83
82
80
79
77
75
77
79
78
78
77
75
76
77
75
74
76
76
75
75
76
80
83
83
81
80
79
77
77
76
77
76
75
74
75
76
76
75
81
80
83
81
77
75
71
71
74
73
76
77
80
83
80
80
78
76
77
78
77
79
81
80
80
78
77
76
77
76
75
74
73
74
74
74
75
77
80
78
79
76
78
77
79
80
77
78
77
74
74
74
74
75
74
75
72
74
72
71
72
70
70
70
71
73
74
75
74
73
72
72
73
72
72
71
72
70
69
69
72
71
70
72
73
73
74
75
76
75
72
74
72
71
70
72
71
72
71
72
71
72
71
72
72
72
71
75
73
73
73
73
73
73
73
72
70
70
69
69
70
72
71
71
78
88
102
111
98
98
91
94
86
81
80
81
82
79
77
78
83
81
79
80
74
73
67
71
72
72
72
72
73
74
74
76
77
79
79
81
81
83
83
80
81
79
81
83
82
79
79
80
85
81
79
81
81
80
81
82
81
79
80
80
81
82
82
83
83
80
83
83
84
85
83
80
81
76
74
74
74
74
74
75
79
78
80
81
80
79
78
77
76
76
78
78
76
78
77
77
80
80
82
82
82
82
80
80
80
81
81
82
81
82
82
81
81
84
84
85
84
86
85
85
84
85
86
87
85
85
85
84
84
84
83
85
89
92
83
83
83
81
83
83
82
81
83
84
82
82
83
83
80
81
81
83
83
84
88
89
88
85
89
92
89
87
84
85
84
85
85
83
81
80
80
81
83
87
83
83
79
80
81
81
79
80
81
84
81
81
80
81
82
80
75
76
81
79
83
86
89
88
83
82
80
79
81
85
83
84
80
80
81
80
79
77
78
80
82
85
84
83
83
82
82
82
83
81
82
83
82
82
85
87
86
84
82
81
85
83
85
89
83
83
77
79
77
76
81
85
93
103
98
90
86
81
76
73
69
67
66
67
71
71
76
76
78
77
74
74
79
74
77
78
78
77
78
77
78
76
76
78
80
83
81
79
77
74
77
78
79
84
88
86
79
75
72
73
77
80
88
87
85
76
71
77
81
84
80
76
76
75
78
78
81
86
90
87
84
80
82
84
91
90
94
97
92
90
76
75
73
73
72
73
73
78
83
74
75
72
71
70
72
71
73
79
80
73
71
70
70
70
72
73
76
75
76
78
82
72
73
70
70
69
71
72
75
77
81
85
79
76
74
73
77
78
79
80
86
88
81
79
79
76
79
78
77
77
80
74
76
74
77
82
84
83
79
77
78
80
81
81
81
80
82
85
85
78
74
70
71
73
76
77
77
76
73
70
67
67
67
70
70
73
79
88
103
112
106
99
97
99
100
93
93
94
98
100
96
97
96
96
97
95
93
95
95
95
94
95
91
89
92
96
92
94
95
97
96
95
96
98
99
100
97
94
95
94
96
96
96
95
96
97
99
100
100
97
96
97
97
98
95
95
92
93
94
94
97
99
97
99
99
98
98
98
97
99
97
98
98
98
100
99
96
97
96
98
109
120
134
141
146
147
148
150
152
153
154
155
156
157
158
158
159
159
160
160
161
160
158
159
159
159
160
161
163
164
165
167
168
168
169
168
169
169
170
171
171
171
171
171
170
171
171
170
170
170
170
170
171
171
172
172
172
172
173
172
170
168
163
162
156
154
148
146
139
135
131
124
122
120
120
115
112
114
112
112
112
112
102
99
95
94
92
90
88
88
85
84
86
86
86
83
81
79
80
81
82
83
83
85
87
83
81
80
82
80
82
81
82
82
84
86
85
84
85
86
88
86
87
86
86
86
84
85
85
86
88
92
87
87
85
86
85
85
86
86
89
91
90
84
85
85
86
87
86
85
84
86
85
85
83
84
86
87
86
84
82
82
81
81
84
83
80
80
79
80
79
83
81
82
80
82
82
83
83
83
82
82
81
80
80
78
80
81
82
80
84
92
89
83
88
89
82
81
84
84
86
87
85
87
83
84
88
89
92
92
95
92
86
89
90
87
90
86
85
82
84
85
87
89
91
92
93
91
91
90
93
92
93
90
89
92
94
94
92
91
92
96
95
93
92
92
87
88
86
86
87
86
87
88
95
90
91
89
85
88
86
88
87
89
100
107
110
104
104
104
103
103

