93
93
93
95
96
96
98
94
88
88
80
77
78
78
83
85
85
87
86
85
80
78
77
78
80
79
75
72
70
73
73
75
74
74
78
82
80
78
77
75
70
71
73
76
80
77
74
80
81
81
76
77
80
79
77
75
73
73
77
76
71
71
75
79
73
73
69
69
73
74
76
74
71
72
70
69
67
65
72
67
73
67
69
66
64
64
66
64
67
69
67
70
70
70
70
69
69
68
71
67
79
82
81
81
81
86
76
72
67
67
68
68
66
67
67
68
67
71
73
73
81
87
92
82
76
73
75
73
75
73
73
76
79
77
74
76
77
81
79
77
73
73
76
74
71
72
75
78
84
91
86
85
72
72
66
64
64
63
63
63
65
64
67
66
68
68
67
68
71
74
72
69
69
69
70
71
80
87
78
73
69
68
74
74
72
73
72
72
73
76
78
79
78
81
82
81
76
75
77
79
80
79
74
73
68
70
70
68
73
72
76
82
73
71
68
66
68
70
71
70
69
70
69
70
70
71
70
72
73
75
82
83
75
74
72
73
72
73
72
73
73
76
75
73
71
78
81
81
77
76
79
80
82
83
80
78
72
73
75
83
78
76
70
67
67
67
69
68
71
78
79
78
80
77
70
68
68
67
69
68
73
73
73
73
72
70
71
72
76
76
74
73
78
76
73
76
79
76
72
70
71
71
70
70
74
78
87
86
79
77
72
72
70
70
70
70
69
68
68
67
70
76
87
93
104
101
97
96
93
89
86
82
81
77
72
72
69
67
65
65
65
66
72
74
75
75
75
78
77
76
70
69
67
73
74
77
81
77
77
75
79
78
77
77
80
82
82
78
80
77
74
75
75
76
80
83
80
77
74
75
75
77
79
79
74
74
77
76
77
80
77
75
74
71
74
76
74
74
75
78
76
75
71
69
70
75
77
76
74
76
74
78
78
76
76
82
83
79
76
78
77
78
76
78
83
80
78
75
76
79
78
76
76
78
81
82
81
85
89
90
88
90
85
84
85
81
81
82
80
81
75
78
81
79
83
85
78
79
81
78
78
79
81
81
81
79
81
85
83
79
75
76
78
78
76
74
72
72
73
77
79
79
79
76
75
74
81
84
83
79
74
74
78
74
73
74
80
83
80
76
78
77
77
75
81
82
80
81
79
79
81
82
83
83
77
77
74
81
80
80
75
73
74
77
81
81
81
79
82
83
79
80
76
76
76
75
78
77
75
73
75
77
76
76
79
79
77
79
79
82
79
79
81
76
80
78
80
80
80
78
79
77
82
89
100
103
85
77
86
87
91
92
93
92
88
89
87
83
80
80
79
79
79
79
78
74
72
70
70
69
74
72
75
74
74
74
71
74
74
74
75
74
72
72
71
73
75
74
72
70
69
67
69
70
77
76
76
79
77
71
67
66
66
69
69
72
71
71
73
75
81
79
75
74
73
72
70
68
67
66
67
68
77
78
80
76
77
79
77
77
69
67
67
71
69
72
72
69
70
70
71
74
81
77
75
78
74
71
69
70
71
71
71
72
73
71
70
69
68
72
74
74
76
79
77
74
73
70
76
81
83
85
83
88
86
81
81
73
72
74
72
72
71
73
73
74
72
72
72
73
76
75
74
71
70
70
69
71
73
76
73
70
67
66
70
71
74
70
68
67
68
70
69
67
67
69
77
76
78
75
71
74
84
91
101
102
96
94
94
96
98
99
100
98
91
86
84
86
85
83
85
82
82
78
73
74
81
87
87
88
90
90
89
90
92
92
92
95
96
94
92
92
90
91
91
93
94
94
93
94
93
92
92
92
92
92
92
93
91
90
91
92
92
92
91
90
88
88
90
91
91
91
92
91
92
92
94
93
95
96
95
95
93
93
92
96
104
110
118
120
120
123
126
126
128
130
132
133
134
135
135
137
137
136
136
135
135
135
136
136
137
137
137
136
136
136
137
137
135
135
135
133
132
131
132
132
132
134
135
136
137
136
134
134
135
135
135
137
137
137
138
137
136
136
135
134
133
130
127
123
117
114
111
111
110
109
109
106
101
99
98
95
97
96
92
91
89
88
90
89
89
86
85
87
88
89
86
88
85
83
79
78
78
78
81
82
82
83
86
81
79
81
79
82
83
84
90
85
80
81
81
80
79
79
80
81
82
83
80
81
83
83
86
86
83
84
87
87
87
84
85
88
83
82
78
77
75
75
76
75
75
75
77
76
79
81
76
80
83
86
84
82
82
83
83
83
84
85
84
83
82
81
81
80
81
81
81
82
85
90
91
91
90
87
87
86
85
88
88
84
84
80
81
82
81
82
86
85
83
80
78
79
81
84
87
89
85
79
74
74
80
82
85
84
81
79
77
75
74
72
75
77
79
77
75
74
75
75
78
79
79
79
78
79
79
81
81
80
80
78
82
85
85
86
85
83
81
81
80
79
79
80
80
80
81
78
76
77
85
92
104

