92
92
97
101
105
102
103
101
106
112
105
96
89
89
90
91
92
92
95
90
91
92
92
95
95
94
94
94
96
92
94
94
97
96
98
95
93
98
94
95
98
95
97
93
94
91
91
90
91
92
94
92
93
93
93
92
92
91
93
93
93
93
94
90
93
90
91
91
91
92
91
94
91
92
92
92
94
94
96
97
99
97
96
92
94
92
92
95
97
99
101
106
100
98
97
96
94
95
98
97
96
93
93
93
93
94
94
95
96
88
92
93
94
96
93
94
95
96
97
96
95
96
95
94
95
97
97
95
94
92
94
90
93
91
93
93
93
93
94
95
96
96
96
96
97
98
96
95
95
94
94
96
94
95
95
96
96
96
94
91
95
92
95
95
95
95
96
95
97
94
96
94
93
93
92
92
95
94
99
93
93
91
90
95
94
100
97
98
97
98
98
100
95
95
94
95
94
95
96
93
93
92
93
93
95
96
95
95
93
93
96
95
95
91
91
89
86
92
92
92
90
92
91
92
94
93
94
93
93
94
93
92
92
93
95
96
93
91
91
91
91
92
91
92
91
90
90
92
93
94
93
92
92
91
91
92
95
99
100
98
96
96
99
97
97
96
94
94
96
94
93
93
91
92
92
92
93
93
94
93
94
92
94
94
94
92
95
92
90
92
88
90
91
91
92
93
90
89
88
90
92
91
92
97
106
121
123
118
110
99
99
102
94
99
96
95
95
97
92
91
90
97
99
107
102
98
97
94
94
91
90
89
90
93
91
95
96
95
92
94
93
94
95
97
96
95
96
97
98
95
92
92
91
93
93
92
93
94
94
93
94
91
93
94
92
94
95
94
95
95
96
97
98
99
99
99
102
100
100
99
98
94
94
92
90
91
95
95
97
94
96
97
98
98
96
94
94
96
96
97
93
93
93
93
95
96
96
96
94
94
93
96
97
94
92
92
92
92
91
93
91
90
92
93
94
94
92
88
90
92
92
94
94
94
93
95
93
94
95
93
92
93
91
91
91
92
90
88
87
87
88
90
91
90
93
92
93
91
91
93
95
94
94
94
94
94
98
96
96
89
86
87
91
91
91
90
91
89
87
89
93
94
92
88
89
87
90
90
91
92
89
90
88
91
91
91
89
88
88
89
91
90
92
91
88
92
89
91
94
91
88
89
89
90
89
90
86
87
87
89
87
89
88
89
90
88
90
90
95
97
95
92
91
91
92
93
93
94
94
94
94
95
94
93
95
93
101
115
103
94
90
85
84
87
89
98
95
96
91
95
100
93
89
84
83
83
84
82
82
83
84
83
86
84
86
86
86
88
86
88
83
84
83
84
86
85
86
86
87
86
84
83
83
83
82
86
85
86
86
86
89
88
88
86
87
87
87
89
89
89
91
87
88
86
86
87
88
87
88
91
90
90
89
89
89
86
86
86
86
87
85
86
87
86
87
89
92
89
88
90
85
86
85
85
85
85
86
86
87
87
86
87
87
89
90
90
90
91
88
90
87
85
86
86
86
87
87
86
85
84
85
85
84
84
85
87
87
88
87
90
88
90
84
87
85
87
86
86
86
87
87
88
89
86
89
84
88
86
87
86
86
85
86
86
88
90
91
92
91
84
86
85
86
88
85
86
84
86
85
86
87
86
87
86
89
97
106
112
94
103
109
113
103
104
101
96
96
99
95
91
85
85
89
101
96
92
91
93
97
101
99
92
94
97
92
94
95
96
102
95
97
96
100
101
103
104
105
104
103
102
105
103
100
101
103
103
104
105
106
107
106
107
105
106
106
102
101
100
100
100
97
100
103
100
101
98
102
102
104
100
99
102
98
98
97
97
99
101
101
100
98
99
98
102
103
104
107
111
126
136
138
140
137
138
140
141
142
140
140
139
143
143
143
144
146
149
148
149
151
151
149
149
145
147
148
149
149
151
148
150
150
149
148
150
146
149
149
152
152
151
151
150
149
149
149
152
147
150
150
151
151
151
153
153
153
153
151
153
152
145
138
138
138
136
132
126
123
120
119
114
117
119
113
106
107
103
103
101
100
100
101
102
101
97
98
96
95
96
98
100
99
98
97
98
98
98
99
100
99
96
97
95
96
96
99
96
91
90
87
87
89
88
88
90
89
93
91
88
89
91
91
91
89
87
89
92
90
88
90
89
90
89
90
91
90
93
93
92
91
88
87
86
87
89
87
86
86
86
87
87
89
91
89
87
88
89
89
90
91
89
89
90
90
92
88
90
90
89
88
89
90
88
88
89
89
89
84
87
86
91
93
90
90
88
87
86
88
87
88
91
90
89
90
89
88
86
86
88
88
86
86
85
87
86
87
84
85
89
85
85
86
89
88
92
92
90
89
92
92
89
90
90
90
90
90
89
89
88
89
88
88
86
88
89
87
85
84
84
84
86
86
85
86
90
86
87
83
85
85
87
87
85
86
86
86
86
86
86
84
88
90
91
96
108
113
92
90
94
97
95
98

