65
65
65
67
68
71
71
77
78
78
71
62
58
57
56
54
55
55
53
52
56
59
59
55
53
51
51
53
53
52
52
52
53
57
55
56
55
57
56
57
54
52
52
53
57
54
53
54
54
56
58
59
60
61
60
60
58
55
53
52
52
52
52
53
57
55
55
55
53
53
53
54
60
63
66
63
62
56
56
54
54
54
53
53
54
54
53
54
54
54
54
55
57
59
61
61
62
57
57
58
55
57
58
58
54
53
53
54
56
56
56
56
56
54
58
58
59
60
64
61
64
64
66
62
61
57
57
59
56
55
55
61
63
62
65
69
66
65
66
69
69
66
65
68
68
69
66
61
60
61
56
57
57
58
57
58
62
65
66
68
68
68
68
69
65
63
62
60
60
61
63
66
68
63
59
57
54
54
53
57
56
58
57
56
54
53
55
54
57
61
58
57
57
59
60
60
61
61
61
64
62
62
65
64
61
59
60
58
58
57
61
64
66
65
64
64
66
66
65
64
64
64
62
65
64
67
71
71
70
65
63
60
63
58
59
60
60
61
60
61
65
66
64
63
62
62
62
60
59
60
60
61
62
63
62
63
67
69
69
69
70
71
68
63
60
61
63
60
61
60
60
62
61
62
64
69
72
65
65
63
66
64
61
64
60
57
56
59
58
56
55
55
55
56
56
56
57
60
58
58
58
57
57
57
56
58
63
63
66
68
67
60
57
61
67
82
92
90
85
80
80
77
76
70
72
67
63
63
60
60
57
61
58
57
56
55
58
58
56
57
57
56
58
60
61
62
63
60
60
60
57
57
60
66
63
65
61
64
60
62
60
58
57
59
58
62
61
68
66
66
63
62
61
64
62
69
71
70
64
59
63
72
74
77
78
72
71
73
73
69
67
62
61
62
67
66
62
62
59
57
57
59
59
58
60
60
59
59
57
59
62
61
60
60
64
62
64
67
64
64
63
62
60
61
62
64
68
68
65
63
64
59
59
58
61
70
72
76
74
66
67
61
62
63
62
65
62
61
60
59
59
58
61
60
61
60
60
60
60
62
63
61
61
61
60
61
61
69
65
65
64
64
70
68
68
64
65
64
64
62
68
62
60
63
62
61
64
63
64
61
64
65
64
65
64
60
60
68
70
69
68
65
63
66
65
65
64
75
71
64
61
60
61
59
58
59
59
61
61
61
62
64
64
63
63
61
61
61
61
59
59
58
58
59
60
70
78
86
87
78
70
64
62
58
58
57
55
55
55
54
54
52
52
60
67
86
95
91
80
74
73
75
73
75
68
64
56
54
57
62
61
60
60
59
63
65
72
63
60
57
58
59
60
56
55
55
53
55
54
58
60
64
62
62
63
62
61
60
60
58
60
64
66
62
59
56
60
65
63
62
61
61
59
65
70
63
63
63
60
60
59
61
61
59
61
60
62
69
67
65
62
58
55
55
59
57
57
58
59
58
57
58
58
59
59
58
57
64
67
62
63
66
70
63
59
58
57
56
58
64
60
60
62
63
66
63
67
61
60
58
59
61
61
60
63
61
62
60
62
60
61
63
61
61
59
64
61
64
61
58
57
54
55
60
64
63
61
57
57
55
55
53
54
51
52
54
55
59
60
61
60
56
56
58
63
62
61
60
58
55
55
52
53
55
54
57
60
62
62
62
60
59
59
56
61
77
86
100
101
85
81
78
78
78
78
79
79
78
77
82
81
81
80
71
72
70
67
66
70
79
78
77
79
80
83
83
82
81
81
81
82
81
81
82
83
81
82
83
83
86
85
85
84
84
82
80
79
77
75
76
76
77
77
81
79
80
82
81
80
79
78
80
80
80
82
80
80
79
78
79
79
80
79
79
79
81
81
82
86
99
105
108
108
108
110
112
112
115
117
120
122
123
123
124
126
128
128
129
129
129
130
129
129
130
130
132
133
132
132
132
130
129
130
131
131
133
134
135
135
135
135
136
134
136
137
138
139
141
142
142
142
142
141
141
142
142
141
140
138
135
129
129
126
120
117
113
111
105
100
96
96
102
101
100
96
89
88
82
81
80
79
77
76
73
72
72
71
70
69
70
71
72
76
76
72
72
71
74
75
72
72
71
70
71
70
71
69
69
70
70
71
70
71
74
73
73
70
71
70
70
69
68
68
70
69
69
70
72
76
78
77
70
67
66
64
65
63
66
67
67
68
67
65
68
71
73
73
73
73
72
71
69
68
68
65
66
67
68
68
68
67
68
69
72
71
71
71
69
71
70
73
73
72
69
70
70
68
68
68
68
70
71
74
75
73
73
72
70
71
71
71
73
72
76
78
70
70
71
71
71
70
72
69
72
70
69
67
67
67
69
69
73
75
82
79
75
71
69
68
71
69
71
70
71
71
71
71
71
70
71
72
71
70
71
71
69
69
70
69
70
76
82
79
72
70
67
64
65
68
64
64
64
63
65
63
63
69
77
84
100
104
96
92
85
75
69
69
69
70

