80
80
83
85
80
77
76
75
78
81
84
87
89
88
84
83
83
81
79
78
84
84
82
80
81
79
75
75
78
80
84
85
84
85
85
88
81
75
68
66
65
65
67
69
65
67
66
72
77
74
71
69
77
77
80
79
79
80
84
84
87
87
83
82
71
69
69
72
69
67
67
69
68
68
70
73
73
74
76
76
73
72
69
70
74
72
72
70
72
75
73
71
75
77
79
74
80
79
76
78
82
81
85
82
82
83
83
84
78
80
76
76
71
69
75
76
75
78
78
77
78
77
78
79
75
76
80
80
80
83
86
85
82
83
85
85
90
87
89
87
84
84
82
83
83
85
86
89
88
89
88
89
86
86
85
83
82
82
79
77
82
80
84
83
86
82
82
84
81
77
84
91
86
83
86
83
84
82
82
79
84
84
84
83
83
80
80
84
85
84
86
85
75
77
73
76
78
78
75
80
77
72
77
78
77
81
78
77
72
75
79
81
81
79
80
82
78
80
79
76
78
81
80
81
81
82
83
80
79
79
78
81
80
80
83
86
88
85
86
86
81
80
77
76
80
74
72
79
82
84
82
84
86
84
79
82
86
85
84
77
74
78
83
85
85
86
80
82
82
82
83
83
84
85
91
90
86
84
81
83
81
83
87
86
90
89
82
85
85
83
86
88
92
94
89
87
83
83
81
82
82
84
86
85
78
75
74
77
85
90
94
85
86
89
92
93
95
93
93
95
96
96
90
91
85
82
81
80
74
78
73
70
64
63
62
62
61
62
63
64
71
72
71
72
68
66
67
67
66
67
68
69
74
73
75
76
72
68
66
66
73
72
71
71
70
71
76
80
74
72
68
64
65
65
66
69
74
73
71
69
72
73
72
74
73
74
71
69
68
66
70
68
65
67
74
74
77
76
67
66
65
65
69
71
74
74
69
66
66
68
67
67
68
68
70
71
68
70
67
66
65
64
67
75
73
75
76
76
76
73
71
71
74
75
72
73
69
70
68
71
74
73
75
73
74
77
80
77
74
73
74
72
71
70
68
67
68
71
74
76
79
76
77
76
74
74
70
67
69
71
70
69
68
68
70
73
70
75
76
74
73
71
72
72
70
69
68
70
77
79
77
77
76
81
80
80
81
76
71
71
72
70
71
68
70
71
72
73
72
70
72
74
75
77
79
81
83
81
75
76
73
72
76
77
76
78
82
84
84
86
81
82
83
86
83
82
82
80
78
77
80
81
76
81
87
86
82
84
78
77
76
77
77
79
82
82
86
94
100
88
76
78
78
82
82
81
84
85
85
87
91
88
77
79
82
86
76
77
86
88
90
86
78
75
75
76
78
81
82
83
90
81
78
76
78
77
78
79
81
83
83
79
81
79
79
75
78
78
79
85
83
83
78
80
79
74
79
77
75
74
74
79
82
81
82
82
84
85
84
83
85
85
81
79
77
78
71
68
70
72
78
84
85
83
78
77
73
76
75
76
79
75
74
74
70
67
67
66
69
71
70
76
72
68
69
68
78
80
74
72
68
71
69
72
70
70
70
68
76
75
74
74
74
74
82
75
67
67
69
75
78
74
75
73
75
74
77
79
74
71
72
70
74
71
70
71
73
75
73
72
76
74
82
80
75
76
76
75
73
70
66
64
63
67
71
76
75
75
73
74
76
72
76
81
92
93
87
88
85
83
81
82
88
91
89
89
90
94
86
90
92
94
103
103
102
98
93
92
89
87
87
90
94
94
92
90
78
72
78
82
83
75
81
85
83
86
84
85
87
88
87
87
81
82
85
85
86
85
85
89
93
94
96
99
98
100
97
97
97
94
94
97
96
95
94
93
92
90
88
90
93
94
97
99
99
99
98
95
95
90
91
90
89
86
86
87
92
92
94
96
93
91
89
89
87
90
90
89
88
90
92
95
99
104
116
123
132
137
142
144
146
147
149
151
153
154
154
154
155
156
157
157
159
160
161
162
163
162
163
163
164
163
162
162
164
164
164
164
164
164
165
165
165
165
165
165
164
164
164
165
165
166
167
167
168
167
167
168
168
169
168
168
168
167
165
164
159
155
148
145
138
138
133
132
125
126
121
119
122
119
117
119
118
119
117
117
115
112
115
118
112
113
112
115
112
110
105
105
111
106
106
107
104
103
102
102
103
102
99
98
98
99
101
103
103
100
102
100
98
98
97
95
93
94
98
98
100
96
93
90
92
93
92
95
97
96
92
92
95
91
88
87
88
88
90
89
90
93
95
93
92
92
90
89
87
87
87
89
88
87
88
86
90
92
87
84
82
85
90
91
91
89
90
89
89
88
87
89
87
89
87
88
90
91
83
81
81
85
89
88
90
86
81
82
84
85
87
87
88
86
86
85
87
87
88
90
92
92
91
89
85
83
81
80
83
83
89
87
91
90
91
91
88
90
81
85
85
85
91
92
93
94
88
86
83
82
88
90
87
87
88
88
90
86
90
89
90
91
89
93
96
99
92
92
94
96
107
107
106
108
101
102
99
97
97
98
99
99
99
99
99
99
99
99
99
99
99
99
99
99
99
99
99

