69
69
77
86
81
74
70
75
76
73
70
69
68
76
72
74
69
66
67
68
68
68
67
68
68
68
70
69
72
68
71
72
72
71
73
77
85
83
77
69
68
68
69
68
70
69
69
69
69
69
69
72
73
71
71
73
72
78
77
70
68
68
67
71
70
68
68
70
71
72
71
70
69
69
77
73
72
68
69
70
72
72
71
66
65
68
70
69
68
69
71
71
67
66
65
66
65
67
73
74
72
67
64
64
63
65
64
62
61
65
68
68
66
68
72
86
84
76
72
68
67
64
65
63
64
63
62
62
61
61
60
62
63
62
63
64
64
69
76
72
69
72
72
74
73
67
68
64
64
67
66
70
68
67
66
65
67
67
66
67
68
68
68
68
68
71
75
74
69
65
62
63
62
62
67
66
65
63
62
72
77
75
71
69
68
81
82
79
74
70
73
73
71
69
67
65
64
64
66
66
65
66
66
65
66
67
67
66
68
68
68
67
68
66
67
69
71
78
80
73
69
67
69
69
69
71
71
69
68
68
66
76
76
73
70
68
64
62
62
63
62
63
64
65
71
73
72
70
69
67
66
71
74
83
75
67
64
71
74
71
69
64
65
71
69
69
66
64
65
67
66
69
69
74
73
72
71
71
73
69
68
68
68
68
66
66
69
71
77
88
92
97
89
80
73
65
62
62
62
60
63
76
88
99
100
93
86
78
75
73
74
68
69
68
65
63
62
61
61
62
63
69
70
68
67
64
63
65
65
65
67
68
68
64
64
70
76
80
78
73
70
65
64
66
68
67
66
62
58
65
65
64
63
62
62
66
71
76
72
69
67
66
66
67
67
66
67
69
71
75
74
71
71
69
68
67
67
76
73
70
67
65
63
64
66
66
64
68
71
70
67
64
63
68
70
70
68
65
66
67
67
68
67
66
66
65
68
77
75
76
80
86
91
77
70
66
66
65
64
63
62
63
65
65
64
64
63
63
64
65
66
77
79
74
68
66
76
87
91
80
73
70
69
69
66
70
71
69
68
66
66
63
68
80
82
74
68
66
65
67
65
64
64
66
73
79
77
71
70
73
72
66
64
67
75
80
75
66
63
61
61
64
65
63
62
62
59
58
59
60
62
61
60
60
59
63
69
73
80
75
71
66
66
67
68
69
68
63
62
63
62
61
61
62
64
62
63
63
61
61
61
60
60
61
59
60
58
58
59
60
60
64
64
64
63
63
62
69
73
81
87
94
98
100
102
102
98
86
80
75
69
73
69
66
64
75
74
77
70
68
67
60
57
55
58
68
79
77
76
74
77
76
83
74
78
72
72
77
75
72
77
83
85
82
77
78
76
73
71
73
80
76
71
73
73
76
71
70
69
67
71
67
68
71
74
83
76
79
79
73
73
72
68
68
69
75
72
71
71
78
73
64
62
58
60
63
65
65
65
70
67
73
78
75
75
74
78
79
80
80
76
71
73
70
72
71
75
79
85
76
79
78
78
78
76
72
70
71
69
70
72
69
70
66
69
68
68
64
68
73
72
71
69
71
69
68
71
68
70
70
67
65
66
68
71
68
68
68
66
67
66
66
64
64
65
72
75
74
71
68
66
64
66
67
65
66
69
70
71
82
87
84
77
74
74
73
73
73
72
75
73
66
64
69
77
94
97
95
88
89
91
92
90
93
97
89
78
73
70
69
66
67
75
83
89
91
93
89
88
91
92
97
99
100
97
97
97
97
99
99
102
99
97
99
97
98
97
96
96
99
98
94
97
96
99
97
100
100
101
103
100
99
97
96
97
96
97
100
99
100
100
98
97
100
98
98
100
103
105
103
99
99
99
103
110
120
123
124
130
132
133
136
137
142
143
143
145
148
149
151
152
152
153
154
155
154
152
155
156
155
156
157
158
159
159
159
160
160
160
160
158
160
162
162
162
163
162
163
163
164
165
166
165
166
166
165
165
167
167
168
168
168
168
167
167
158
153
155
152
148
147
142
141
135
129
124
124
114
106
101
98
99
100
99
98
93
91
89
88
88
89
86
85
85
87
86
86
83
83
82
82
81
81
85
86
92
91
87
85
81
86
86
87
86
89
85
81
80
80
82
83
83
84
88
88
87
85
84
84
85
86
86
88
83
83
82
82
81
82
85
84
85
84
82
84
84
84
82
84
86
84
85
86
85
86
88
89
85
85
87
86
85
83
83
82
83
85
85
86
86
91
89
89
87
88
85
83
83
84
82
83
85
86
88
87
87
87
89
89
86
86
83
84
84
83
83
85
86
83
82
83
90
90
91
90
90
86
85
84
84
83
84
84
85
85
85
86
83
83
83
84
83
83
85
86
86
85
84
86
85
86
85
86
86
86
83
84
83
84
86
91
87
87
84
84
84
86
86
86
87
86
86
86
84
82
82
86
99
108
105
98
107
100
93
88
94
90
90
90
90
90
90
90
90

