75
75
85
84
95
88
82
73
72
72
72
74
80
79
78
76
85
79
77
74
77
77
75
75
75
75
76
76
76
79
81
84
87
89
86
82
88
83
83
77
77
75
75
81
87
84
80
82
80
82
83
89
87
85
81
80
81
82
83
86
84
79
79
82
84
90
90
92
91
94
88
83
83
85
87
90
88
90
85
86
88
85
86
84
83
84
87
92
88
83
80
81
82
82
82
81
81
81
80
82
81
82
81
82
79
78
76
86
82
91
94
89
84
83
83
89
89
82
81
81
79
79
82
77
76
75
76
81
81
82
80
83
82
82
82
81
81
81
80
81
80
81
80
80
78
77
77
85
88
86
93
95
87
83
83
85
80
77
77
76
76
79
78
80
81
79
79
79
82
83
83
80
81
80
80
80
80
81
80
87
90
92
80
78
75
79
78
77
78
79
80
78
76
76
80
90
89
84
82
84
90
85
83
82
76
74
74
75
78
79
80
79
81
79
80
79
79
84
89
83
87
79
87
85
85
83
87
86
86
85
85
85
84
80
80
80
84
84
86
84
89
96
95
77
74
74
79
79
79
79
82
82
82
82
85
85
87
89
88
87
87
81
84
84
86
85
85
87
86
82
82
83
80
80
82
83
80
78
75
75
75
80
77
78
76
78
83
80
78
77
78
81
79
80
80
83
80
78
77
79
79
80
78
75
78
75
73
75
74
74
80
87
82
79
76
76
75
78
84
103
109
113
99
103
100
99
92
88
84
86
84
83
78
74
74
86
83
81
77
76
82
77
76
75
74
76
76
78
77
80
80
81
76
78
76
85
85
81
80
85
84
82
82
81
88
93
88
84
84
81
82
85
82
84
80
84
79
82
82
82
82
82
82
82
82
82
82
82
82
82
82
82
82
82
82
82
82
82
82
82
82
82
82
82
82
82
82
82
82
82
82
82
82
82
82
82
82
82
82
82
82
82
82
82
82
82
82
82
82
82
82
82
82
82
82
82
82
82
82
82
82
82
82
82
82
82
82
82
82
82
82
82
82
82
82
82
82
82
82
82
82
82
82
82
82
82
82
82
82
82
82
82
82
82
82
82
82
82
82
82
82
82
82
82
82
82
82
82
82
82
82
82
82
82
82
82
82
82
82
82
82
82
82
82
82
82
82
82
82
82
82
82
82
82
82
82
82
82
82
82
82
82
82
82
82
82
82
82
82
82
82
82
82
82
82
82
82
82
82
82
82
82
82
82
82
82
82
82
82
82
82
82
82
82
82
82
82
82
82
82
82
82
82
82
82
82
82
82
82
82
82
82
82
82
82
82
82
82
82
82
82
82
82
82
82
82
82
82
82
82
82
82
82
82
82
82
82
82
82
82
82
82
82
82
82
82
82
82
82
82
82
82
82
82
82
82
82
82
82
82
82
82
82
82
82
82
82
82
82
82
82
82
82
82
82
82
82
82
82
82
82
82
82
82
82
82
82
82
82
82
82
82
82
82
82
82
82
82
82
82
82
82
82
82
82
82
82
82
82
82
82
82
82
82
82
82
82
82
82
82
82
82
82
82
82
82
82
82
82
82
82
82
82
82
82
82
82
82
82
82
82
82
82
82
82
82
82
82
82
82
82
82
82
82
82
82
82
82
82
82
82
82
82
82
82
82
82
82
82
82
82
82
82
82
82
82
82
82
82
82
82
82
82
82
82
82
82
82
82
82
82
82
82
82
82
82
82
82
82
82
82
82
82
82
82
82
82
82
82
82
82
82
82
82
82
82
82
82
82
82
82
82
82
82
82
82
82
82
82
82
82
82
82
82
82
82
82
82
82
82
82
82
82
82
82
82
82
82
82
82
82
82
82
82
82
82
82
82
82
82
82
82
82
82
82
82
82
82
82
82
82
82
82
82
82
82
82
82
82
82
82
82
82
82
82
82
82
82
82
82
82
82
82
82
82
82
82
82
82
82
82
82
82
82
82
82
82
82
82
82
82
82
82
82
82
82
82
82
82
82
82
82
82
82
82
82
82
82
82
82
82
82
82
82
82
82
82
82
82
82
82
82
82
82
82
82
82
82
82
82
82
82
82
82
82
82
82
82
82
82
82
82
82
82
82
82
82
82
82
82
82
82
82
82
82
82
82
82
82
82
82
82
82
82
82
82
82
82
82
82
82
82
82
82
82
82
82
82
82
82
82
82
82
82
82
82
82
82
82
82
82
82
82
82
82
82
82
82
82
82
82
82
82
82
82
82
82
82
82
82
82
82
82
82
82
82
82
82
82
82
82
82
82
82
82
82
82
82
82
82
82
82
82
82
82
82
82
82
82
82
82
82
82
82
82
82
82
82
82
82
82
82
82
82
82
82
82
82
82
82
82
82
82
82
82
82
82
82
82
82
82
82
82
82
82
82
82
82
82
82
82
82
82
82
82
82
82
82
82
82
82
82
82
82
82
82
82
82
82
82
82
82
82
82
82
82
82
82
82
82
82
82
82
82
82
82
82
82
82
82
82

