88
88
91
90
93
94
99
94
86
87
85
84
86
91
92
89
87
83
84
89
88
84
83
83
90
94
86
85
89
92
93
94
92
91
87
87
88
88
93
89
88
88
93
98
103
101
97
92
91
88
87
83
87
91
80
78
80
79
81
77
77
77
76
76
81
82
79
77
75
75
73
72
65
67
70
74
79
76
75
75
73
73
74
73
69
70
74
81
86
83
77
75
74
77
75
81
88
82
79
79
86
83
88
83
83
82
83
84
85
81
80
81
78
79
82
82
85
82
81
76
76
77
82
88
92
84
84
86
85
85
87
86
83
83
83
81
79
80
79
78
77
79
78
79
78
79
81
81
81
84
84
81
78
79
77
79
82
81
79
79
77
82
78
79
79
79
78
78
76
77
80
81
80
81
77
75
71
72
72
73
72
72
74
74
75
74
74
74
75
75
77
75
80
79
76
77
75
75
75
74
76
77
78
82
83
75
70
68
67
69
70
70
69
69
73
71
70
68
68
70
71
73
73
73
75
82
85
84
86
77
68
67
65
69
67
69
71
74
81
79
74
73
73
74
76
77
79
77
74
72
72
72
74
73
74
72
73
72
76
76
78
79
79
78
78
77
72
75
72
73
70
77
74
76
75
78
78
80
82
83
82
82
82
84
82
82
82
82
78
76
76
76
76
75
78
80
78
78
74
74
75
76
71
76
75
72
69
69
70
71
73
72
73
71
71
70
71
75
81
75
73
68
64
66
64
65
67
66
64
66
68
68
69
69
69
67
68
68
70
71
72
71
70
72
73
75
75
75
71
71
72
71
64
66
72
81
94
100
106
98
90
88
79
76
72
72
72
74
70
69
70
70
69
69
68
69
70
69
68
69
76
81
76
75
68
71
70
71
67
69
74
74
68
69
66
68
70
65
66
67
64
70
81
82
76
74
72
71
74
74
75
72
70
68
70
69
74
79
84
83
82
77
76
68
68
69
70
70
65
69
68
69
66
67
67
66
66
67
72
72
73
74
80
82
81
75
74
81
78
77
77
78
73
72
71
71
73
76
76
76
71
70
75
84
91
89
84
80
69
69
69
70
79
75
72
70
68
67
70
68
70
67
67
72
70
68
67
69
69
70
65
67
69
71
69
72
74
74
72
71
72
78
87
87
77
70
70
67
66
69
70
70
75
73
74
70
67
66
69
68
68
67
73
74
74
70
65
63
65
68
67
73
71
71
66
66
67
71
74
71
70
69
67
67
64
67
69
67
64
65
68
70
72
70
69
66
64
63
65
67
71
72
69
67
73
85
89
87
85
84
75
78
77
78
75
74
71
71
69
71
70
78
82
80
73
70
65
68
69
70
70
70
83
88
85
84
83
84
92
99
93
82
76
73
78
83
79
77
72
69
68
71
72
69
70
79
86
83
72
69
68
75
77
73
69
66
70
73
73
71
69
71
73
74
76
75
70
69
67
69
69
69
70
71
71
72
77
83
74
70
67
68
65
65
69
72
71
72
71
66
67
70
72
74
73
75
77
76
70
69
66
65
65
65
68
65
70
73
77
80
75
74
71
67
66
68
67
66
71
75
78
77
74
72
68
68
68
70
73
74
73
70
67
69
68
71
69
68
67
68
70
72
69
68
63
65
64
65
68
67
74
75
74
72
77
73
69
67
72
68
71
68
68
77
81
83
82
79
78
76
77
78
80
85
88
87
90
87
86
89
88
83
80
80
80
79
79
77
75
74
73
74
76
76
74
74
74
72
71
72
83
87
89
79
80
78
86
91
97
96
103
108
92
88
87
88
87
89
92
89
93
95
87
82
75
74
75
74
81
87
98
97
94
94
94
95
94
93
99
100
101
102
99
97
95
98
109
107
96
93
88
94
95
100
105
104
104
106
103
105
104
105
105
101
106
105
104
105
105
105
108
107
107
104
108
107
110
110
106
104
106
106
110
106
106
105
106
105
106
111
124
129
139
141
143
142
143
144
145
146
148
149
151
152
153
153
154
154
153
152
151
151
152
152
151
150
151
149
149
151
154
155
156
156
155
156
155
154
154
152
151
152
152
153
152
152
152
153
151
150
151
152
153
154
153
151
151
153
152
151
144
139
130
125
117
115
113
110
116
113
96
92
91
96
103
108
102
91
83
84
89
88
85
87
82
82
85
87
85
84
81
80
78
79
80
82
80
79
84
85
85
85
80
79
79
81
81
80
80
77
78
79
78
77
78
80
80
83
91
89
81
80
81
79
79
83
82
85
82
80
79
79
81
78
76
76
77
77
76
77
78
75
76
75
76
75
74
74
74
73
72
71
73
77
79
76
73
74
75
74
76
73
72
70
74
72
76
79
85
87
84
81
79
78
82
86
84
86
83
82
79
80
76
78
75
73
70
67
70
69
70
69
68
67
69
70
66
68
65
66
69
75
78
81
88
82
80
83
83
85
85
84
81
81
77
77
77
76
82
86
85
87
81
82
76
76
76
75
75
74
74
74
72
71
70
71
65
64
67
67
80
80
87
90
88
89
84
79
77
72
65
65
67
71
77
86
97
105
111
103
96
87
89
92
93
89
79
81
87
93
99
99
90
83
82
81
81
85
88
86
83
89
94
94
96
91
93
92
89
90
90
90
90
90
90
90
90
90
90
90

