112
112
115
113
114
112
113
119
123
103
110
111
107
115
114
111
99
98
100
97
93
91
86
81
83
88
88
95
92
92
91
89
90
95
94
93
92
94
92
91
92
93
93
91
89
89
90
94
95
95
93
92
89
92
87
87
88
90
90
91
91
94
85
84
90
90
90
89
90
87
89
88
90
90
95
89
87
86
81
84
85
88
90
92
91
91
89
89
88
86
88
87
88
91
90
90
90
94
95
93
91
92
91
95
99
92
90
87
88
86
87
89
86
89
93
91
92
91
85
84
88
89
90
96
93
91
91
87
87
88
87
88
89
88
90
88
87
83
85
83
87
88
89
88
85
88
88
84
89
90
91
90
89
89
88
87
89
88
88
92
93
89
90
90
89
85
86
87
86
87
89
83
86
88
86
84
85
85
88
89
91
90
89
88
88
86
89
86
87
88
88
87
86
88
91
89
88
86
85
80
79
90
89
87
85
81
87
88
89
90
91
91
90
90
85
81
79
82
79
83
84
85
86
85
86
86
88
91
90
90
92
90
87
92
91
90
89
83
87
89
87
89
87
87
88
82
85
84
87
88
89
89
88
90
87
87
87
87
92
85
85
86
90
86
86
84
84
87
84
86
86
85
85
91
94
94
93
99
92
87
91
82
88
82
79
86
85
87
86
84
85
81
80
81
80
83
83
86
86
87
87
87
88
87
85
88
87
87
86
82
89
84
82
85
80
83
82
80
83
83
86
86
84
86
85
84
90
98
105
112
101
85
82
75
76
77
76
76
77
77
77
78
81
81
83
88
89
90
87
86
86
88
86
82
85
82
82
86
85
85
87
86
91
89
79
79
78
77
76
77
77
82
81
81
77
78
78
82
78
81
85
82
81
85
86
95
90
89
89
88
92
87
87
84
84
85
86
88
80
84
83
86
84
80
81
79
81
81
83
82
82
84
85
86
87
84
86
87
86
83
79
81
77
77
76
74
74
78
80
79
81
84
83
83
83
83
84
94
93
94
86
75
82
81
82
81
81
80
81
83
88
91
85
80
78
74
73
73
76
78
77
77
76
78
77
80
79
81
79
78
79
77
77
77
78
83
80
88
94
80
74
72
73
77
77
80
81
81
81
76
83
83
78
77
79
81
80
78
80
79
79
87
88
88
87
90
92
85
86
85
81
87
87
84
85
85
86
85
84
87
84
84
86
83
81
83
88
96
97
91
80
83
89
95
66
73
75
79
81
78
80
79
80
80
78
81
83
82
85
85
84
85
88
86
85
83
77
79
79
78
81
80
80
79
79
82
89
92
94
103
111
112
112
69
64
67
69
68
69
65
63
64
66
69
70
70
72
72
76
71
69
73
72
71
70
74
72
73
75
74
78
73
82
77
81
81
77
79
82
81
80
83
83
78
78
83
77
80
79
86
83
83
85
81
80
80
79
80
83
82
83
83
84
82
82
80
77
78
76
78
77
79
82
83
81
82
83
83
85
81
81
81
78
80
82
83
84
89
87
88
87
84
83
89
86
86
83
85
82
76
79
80
78
80
81
76
76
77
79
79
81
72
79
80
79
86
87
84
77
74
76
73
74
75
73
79
77
83
82
82
80
77
76
75
78
83
85
85
87
93
92
83
79
78
76
80
77
83
82
84
86
85
86
84
83
82
82
83
82
85
82
81
85
83
83
81
81
78
80
77
77
79
80
78
78
81
79
88
82
96
107
114
104
98
100
101
92
96
99
99
96
96
99
90
91
102
107
107
105
101
95
99
97
97
91
93
92
89
91
95
95
92
88
94
93
94
96
99
99
100
103
101
98
100
103
103
102
103
99
103
101
103
100
101
98
99
100
103
106
105
104
101
102
99
99
93
89
95
101
107
106
108
112
107
104
106
105
105
105
106
107
105
104
107
109
109
106
102
108
109
110
115
119
127
129
133
135
139
140
146
146
147
148
151
152
155
156
158
158
159
159
159
158
158
156
156
157
157
158
160
161
161
162
163
164
164
164
164
164
164
165
166
166
164
164
164
165
165
165
165
165
165
165
166
167
167
166
166
166
168
168
169
169
166
161
158
156
155
152
150
148
143
142
135
128
121
116
109
109
106
105
103
103
104
108
104
102
97
97
97
96
98
97
94
95
96
95
99
98
99
98
97
97
99
97
95
96
94
92
91
90
91
92
92
92
95
96
95
92
91
91
93
91
88
88
87
87
86
85
86
86
93
93
93
90
88
90
89
88
91
91
91
90
87
86
85
85
85
85
84
90
90
87
88
84
84
83
82
82
83
83
84
84
86
85
85
85
82
84
86
88
86
87
87
86
86
85
89
90
86
86
83
84
87
90
85
84
85
84
87
87
87
87
89
88
85
86
87
86
85
83
84
83
84
87
90
90
92
90
88
87
87
83
84
83
82
84
86
83
86
91
91
90
89
88
89
89
90
93
92
93
91
90
86
88
88
90
91
90
89
88
90
89
86
83
83
85
84
85
86
87
85
85
89
87
96
103
103

