115
115
115
119
117
116
115
112
112
112
114
117
118
119
120
120
117
113
114
114
114
112
110
108
105
105
104
104
103
103
106
104
103
102
104
107
107
107
106
107
107
108
107
106
106
105
104
106
107
104
104
103
105
107
106
107
108
105
102
104
99
97
96
94
95
96
100
102
103
100
98
98
98
100
101
99
97
97
97
100
102
105
101
100
102
101
100
100
104
99
96
94
94
94
94
96
99
97
97
97
96
97
98
103
102
101
99
97
99
98
98
97
97
98
97
97
101
102
97
99
98
96
97
98
99
101
101
101
101
102
104
100
98
104
99
101
101
102
100
96
96
96
98
99
96
97
97
97
99
98
100
98
97
97
97
99
102
98
98
101
101
103
103
105
104
98
93
93
93
92
92
91
92
91
91
90
89
92
93
95
96
95
95
94
94
96
102
103
105
101
99
100
101
99
100
100
99
96
97
96
97
101
104
106
109
108
105
103
103
99
96
97
99
97
99
98
101
101
100
100
100
99
104
104
100
98
97
97
97
98
99
99
101
101
100
100
99
98
97
98
99
101
103
97
101
107
104
101
98
95
95
95
93
96
96
96
96
97
96
98
97
99
100
97
95
94
94
97
98
98
97
93
93
94
95
94
96
96
94
94
92
94
97
98
99
99
97
96
95
94
94
98
98
96
99
100
96
94
96
93
93
96
98
95
95
96
97
96
93
91
92
92
93
96
99
97
98
99
99
100
99
102
109
111
106
105
109
117
116
111
106
100
101
101
98
93
91
93
94
99
98
96
96
100
97
97
98
100
101
103
100
99
99
99
97
98
97
96
98
103
99
98
101
98
97
96
94
94
96
96
98
97
98
96
97
102
101
100
100
99
96
99
102
99
101
97
96
94
96
95
95
101
100
97
96
96
98
98
96
98
98
104
110
112
112
108
105
108
109
106
104
105
104
107
108
110
111
113
109
105
106
104
103
102
104
108
107
109
107
104
104
105
105
105
105
107
110
108
106
107
109
108
102
105
106
101
99
98
97
98
104
103
102
102
100
98
99
100
102
103
105
104
102
97
95
95
96
102
103
97
96
95
95
100
98
98
95
95
97
94
96
95
96
96
95
94
94
94
99
99
100
102
102
99
99
98
97
99
96
99
101
100
99
99
100
101
99
95
95
96
100
100
98
96
96
98
99
98
100
98
99
95
96
101
103
104
103
99
96
97
96
95
96
96
96
96
96
99
102
102
101
102
105
104
100
99
99
97
99
97
94
94
96
97
101
101
101
99
99
99
98
99
98
100
101
108
114
122
112
105
103
103
105
104
101
101
102
100
101
100
103
105
104
107
109
104
103
102
101
102
99
100
100
103
107
99
98
97
96
98
100
100
100
98
100
106
109
111
110
102
101
98
94
92
91
92
93
92
92
94
99
97
95
95
94
95
96
96
95
95
95
95
95
95
94
97
100
100
97
96
99
97
94
94
90
91
91
92
91
92
91
94
95
92
91
89
88
87
87
93
99
96
93
91
94
93
92
91
89
91
91
96
91
95
94
95
95
92
91
93
97
96
97
103
107
109
113
119
122
119
119
118
116
114
111
111
114
112
113
113
110
112
111
105
105
105
107
111
113
109
106
102
101
101
101
103
102
108
109
110
111
106
105
108
105
109
111
113
109
106
105
105
105
106
106
110
112
114
117
117
113
113
113
111
112
112
113
114
114
115
115
117
116
114
114
119
117
115
115
115
114
115
115
115
114
115
114
113
113
114
114
112
111
111
111
114
114
114
114
114
114
115
117
116
115
115
116
115
114
112
113
113
111
116
116
114
115
116
116
117
117
114
114
123
128
135
137
139
139
140
140
141
142
143
144
146
146
147
148
148
149
149
149
150
150
151
151
152
152
153
153
153
153
153
153
153
153
153
152
153
153
154
154
154
153
154
154
154
154
154
155
157
157
158
158
158
158
159
159
159
160
160
160
160
159
157
156
154
152
149
147
144
142
140
139
139
129
137
140
137
135
133
128
124
122
119
121
115
116
111
108
108
107
106
107
110
108
106
106
107
109
107
106
106
105
107
106
105
106
109
104
102
101
103
104
102
102
101
101
103
106
104
103
102
102
102
102
104
103
99
99
98
100
99
98
100
99
97
100
98
99
101
102
109
109
104
104
101
101
102
102
104
107
104
103
102
101
101
101
101
105
104
104
107
103
102
102
103
100
104
94
93
97
98
97
98
98
102
99
97
98
97
98
96
97
94
95
97
95
96
99
97
96
97
95
96
96
95
96
97
95
96
96
94
94
95
93
96
93
93
95
95
97
104
107
106
104
101
101
99
98
98
99
103
102
98
100
98
98
97
94
97
96
95
100
102
102
103
103
98
95
93
93
93
94
96
96
97
97
98
100
103
100
96
95
95
92
96
101
104
109
111
115
118

