64
64
68
70
72
73
81
78
79
74
70
73
77
79
85
88
84
84
73
73
72
69
72
71
77
78
82
78
80
80
79
78
77
74
73
73
76
73
73
75
72
72
72
74
81
79
77
77
76
78
77
74
69
71
71
72
75
78
72
73
72
71
71
71
73
75
74
77
78
78
79
82
79
75
73
75
74
75
75
74
75
76
75
74
75
72
76
81
82
81
75
75
75
75
74
76
71
74
74
74
76
74
75
73
71
72
78
76
73
73
74
84
86
84
76
74
71
72
75
73
75
72
73
73
72
71
72
74
71
74
73
76
72
71
75
78
78
76
82
75
71
74
70
71
78
80
79
77
76
76
77
74
72
74
77
79
81
79
79
78
75
73
73
73
77
75
76
71
72
73
73
77
76
76
72
73
74
74
76
75
87
90
77
79
76
78
76
73
72
70
74
77
77
73
74
74
72
74
75
72
71
72
75
73
74
73
73
74
73
72
78
75
75
75
71
73
71
74
76
77
78
76
74
77
75
76
75
76
75
74
74
75
76
75
76
78
80
80
79
81
79
79
78
82
80
78
76
75
76
77
79
80
79
77
76
76
76
76
77
75
78
77
79
79
85
89
91
89
86
84
82
81
82
82
79
80
75
78
82
86
82
73
69
65
65
67
72
75
72
73
82
83
84
76
75
77
76
76
74
73
74
74
71
71
74
77
89
87
89
99
104
88
93
94
94
99
101
102
106
98
95
86
79
73
73
75
73
70
65
64
64
65
67
67
66
67
71
75
82
82
73
73
70
67
70
72
76
77
73
72
72
69
70
69
70
73
73
73
70
75
76
84
80
72
67
65
67
68
67
69
69
71
74
77
80
79
76
77
73
75
79
75
72
73
77
78
79
75
77
77
73
69
76
74
75
73
73
76
81
80
75
76
72
74
72
74
76
77
74
76
73
76
73
76
72
74
73
76
77
78
77
76
73
74
76
77
78
76
77
77
83
77
79
83
88
85
77
81
74
74
74
75
75
76
74
70
70
73
75
76
77
79
83
83
77
76
77
75
76
76
76
75
76
79
83
83
77
77
77
78
76
81
90
90
84
82
80
83
79
83
78
78
74
72
74
77
76
79
75
76
74
77
69
74
76
78
78
77
75
78
75
76
72
74
80
83
88
81
80
81
79
80
75
78
74
74
83
88
86
84
79
78
76
78
76
78
80
80
79
78
78
80
78
79
76
77
84
81
80
78
80
78
78
73
74
74
79
78
80
76
77
74
76
77
82
79
87
96
110
118
97
91
99
106
106
97
103
94
95
100
103
110
108
113
98
98
104
104
102
109
105
95
96
92
82
81
76
72
70
80
78
78
68
67
69
76
73
72
71
71
72
73
75
76
75
74
74
77
84
79
74
70
73
77
74
74
73
74
73
72
70
71
76
79
75
70
67
65
66
65
69
75
75
72
74
79
80
82
76
74
71
71
69
69
74
75
74
72
72
69
70
64
69
66
66
66
76
77
85
84
87
77
72
68
68
69
71
75
72
73
74
75
73
69
70
68
75
77
80
71
71
70
70
68
69
65
69
70
72
70
75
73
78
73
71
71
73
73
75
83
81
85
79
80
73
75
69
69
69
74
78
78
78
72
72
72
70
71
72
75
72
72
69
70
68
69
72
68
70
65
65
64
67
70
80
79
74
73
72
76
71
73
70
72
70
70
78
85
101
103
101
104
97
99
104
108
107
107
98
107
107
101
93
98
96
95
89
89
80
83
83
86
82
82
87
89
82
88
89
93
95
95
95
88
93
98
94
94
93
92
99
98
101
98
95
100
95
99
96
94
91
91
96
92
91
88
91
89
96
92
97
89
93
101
95
94
92
95
98
96
88
92
91
94
90
94
91
94
93
96
97
100
97
100
97
98
96
98
91
94
89
96
109
120
129
135
139
139
151
151
155
155
161
161
161
166
166
165
165
163
164
164
165
166
167
168
168
168
168
168
169
169
169
170
171
172
173
174
175
175
174
174
175
176
175
175
175
175
175
175
175
175
175
174
174
174
175
175
176
176
176
175
172
172
171
170
161
157
156
153
154
137
130
133
133
108
105
109
105
106
106
108
101
98
101
101
105
102
91
90
89
91
88
87
83
82
85
82
89
89
91
85
81
82
83
84
87
87
85
81
85
85
85
83
81
82
80
83
77
78
78
80
77
76
75
78
81
80
80
77
78
75
78
77
90
94
88
86
83
82
80
79
80
81
80
78
79
76
80
78
79
77
80
77
78
77
79
77
78
80
78
79
80
82
86
91
88
85
80
80
79
78
80
82
81
76
76
74
77
75
79
77
80
78
82
81
87
83
86
85
87
84
85
82
85
83
82
80
82
82
82
83
77
80
84
85
82
80
80
80
80
80
80
79
81
83
80
81
81
81
80
82
87
87
84
82
83
84
94
92
86
91
92
91
88
91
86
85
84
83
83
84
85
90
91
89
86
83
83
80
83
80
89
88
85
82
89
102

