85
85
85
88
90
87
91
96
92
98
104
105
102
102
99
94
93
89
86
84
81
79
76
71
72
72
73
69
71
76
76
76
75
75
77
79
80
77
73
72
75
79
81
80
78
76
75
73
73
75
75
80
80
79
82
80
78
78
75
74
74
74
77
76
75
73
75
81
81
76
76
78
85
87
90
87
81
82
80
80
84
78
77
74
73
71
72
75
77
74
74
73
75
77
75
74
74
74
76
76
73
78
74
71
71
70
69
71
70
76
77
77
78
80
78
81
80
76
76
76
75
71
71
70
70
71
76
75
78
75
78
75
75
77
79
78
78
77
74
73
71
69
71
72
74
73
73
71
71
72
75
76
75
73
72
70
70
68
68
74
77
78
74
72
70
69
68
69
70
72
72
78
77
73
73
75
77
83
84
79
76
71
71
71
72
79
81
76
74
72
71
72
71
72
75
83
81
79
79
74
72
78
78
76
72
71
76
73
73
66
72
75
74
74
71
69
68
70
71
78
82
79
78
74
73
73
82
83
84
84
81
77
77
81
79
80
77
73
71
72
70
73
74
81
80
76
74
73
75
79
79
77
75
72
71
70
71
72
75
81
80
85
83
84
84
81
77
79
79
77
78
77
79
77
74
73
73
72
74
73
71
70
70
70
75
79
78
76
75
76
77
77
72
74
76
76
73
74
74
70
73
71
70
72
71
73
72
75
77
75
72
71
72
74
74
74
73
72
71
71
68
72
72
74
77
78
74
73
77
91
99
103
98
99
93
89
90
90
92
91
95
85
82
75
76
71
70
66
66
73
78
82
83
84
79
78
76
76
71
73
75
72
69
66
66
68
70
73
72
73
71
77
78
81
82
77
74
70
68
68
69
72
72
73
76
76
74
69
67
67
66
69
70
71
71
67
67
67
73
77
84
84
79
71
71
70
69
69
71
74
73
70
68
68
68
69
69
69
71
71
77
73
70
67
65
65
64
65
65
66
67
66
68
69
68
69
69
71
70
74
72
70
67
67
66
66
65
64
65
67
68
68
72
75
73
70
69
68
68
68
67
67
67
68
69
69
73
72
74
74
74
75
80
75
73
75
74
71
70
69
70
70
71
71
73
77
78
80
80
93
97
94
90
79
73
76
75
79
77
73
72
72
71
72
70
72
72
78
78
77
73
72
72
70
70
70
72
70
70
67
67
70
71
74
71
70
70
69
70
69
71
73
72
69
71
68
68
78
73
72
70
72
76
75
77
77
82
83
84
81
82
81
76
75
75
71
70
69
69
69
69
68
68
67
67
67
68
70
77
89
99
112
109
88
87
86
81
80
77
74
76
75
74
71
76
83
79
71
72
71
69
67
65
65
64
66
67
71
71
68
68
67
67
64
64
63
66
66
69
68
68
79
76
76
74
74
72
70
71
67
67
67
67
70
76
82
81
77
73
72
70
70
73
73
74
74
73
72
71
71
71
70
69
73
77
77
75
71
68
67
66
67
69
73
71
71
70
67
67
68
67
68
68
69
72
74
74
71
68
67
67
67
66
68
69
69
71
69
72
69
71
71
70
69
70
68
69
67
66
68
72
73
74
74
76
73
73
70
69
66
64
63
64
66
67
69
70
68
68
68
68
67
67
65
65
66
66
69
69
72
70
67
70
70
71
69
68
66
65
65
64
64
65
65
68
70
70
75
73
69
67
67
71
83
81
72
69
69
80
98
108
101
88
85
82
92
95
98
100
99
94
93
90
84
88
87
90
94
95
91
89
84
85
87
83
88
82
81
82
74
70
74
85
85
84
84
89
94
97
98
96
97
97
103
98
96
96
96
89
90
95
97
97
99
97
90
90
90
90
92
94
88
95
97
97
96
96
95
92
95
95
94
97
98
95
96
96
96
98
96
94
92
91
94
95
97
101
106
101
102
99
101
110
125
134
144
147
150
152
155
156
159
161
164
165
167
167
168
169
169
169
170
170
171
172
172
172
171
170
170
170
171
171
172
172
174
174
174
174
174
174
175
175
175
176
177
177
177
176
176
176
177
177
177
178
177
177
177
177
177
177
177
176
172
170
167
162
154
149
146
143
140
136
137
139
128
123
118
117
118
112
115
116
112
106
106
102
99
97
102
101
98
99
101
101
106
105
105
105
102
102
104
101
99
101
104
104
102
100
103
104
103
101
97
100
97
98
100
101
103
100
100
104
101
102
98
99
102
101
98
98
96
95
95
91
89
90
88
88
85
85
83
88
87
87
86
86
89
90
88
91
93
91
91
90
89
90
90
92
90
89
88
88
89
89
88
88
87
87
88
85
85
86
86
87
84
85
85
86
86
85
87
89
89
88
87
85
88
89
83
80
80
80
81
80
79
78
82
81
81
81
82
80
82
83
84
82
85
86
85
85
82
83
80
80
80
80
80
80
79
79
80
82
83
81
79
77
81
82
82
79
81
78
78
77
78
81
76
80
80
82
85
81
80
82
83
86
87
85
82
82
79
77
75
79
87
93
104
112
115
111
109
111
107
102
103

