99
99
99
79
79
78
75
76
75
78
78
79
80
81
78
86
80
87
89
85
83
82
80
80
80
79
80
85
84
84
84
86
86
86
81
81
77
81
81
76
77
76
78
79
79
82
80
83
79
79
76
78
80
78
81
80
79
77
81
79
80
79
77
77
77
77
81
84
83
81
80
81
78
78
77
74
82
78
77
80
78
81
83
81
81
77
78
81
78
77
76
78
81
80
82
78
79
76
75
79
78
77
77
76
74
85
85
87
85
82
79
78
79
80
80
81
83
81
84
79
82
78
79
80
82
83
81
76
72
74
78
83
80
84
84
77
76
75
76
80
80
79
80
79
79
79
79
80
81
81
81
80
80
84
82
82
83
79
78
78
79
78
78
76
77
77
78
83
84
84
79
80
79
78
77
76
79
80
84
78
82
77
79
76
78
75
78
76
81
77
77
78
85
89
90
77
74
77
74
77
74
73
72
74
76
78
79
80
80
76
74
76
76
79
82
81
77
75
76
75
75
78
78
79
81
86
88
86
86
80
78
78
78
74
75
80
77
75
71
71
68
71
70
70
71
74
78
84
81
84
79
74
75
76
76
73
71
71
71
72
74
76
77
75
76
81
81
76
77
75
77
76
73
74
72
76
77
78
77
73
77
73
71
72
70
70
74
75
77
77
82
74
77
80
80
81
81
82
79
79
79
80
87
89
91
82
81
76
78
74
70
71
75
77
78
72
76
72
73
72
71
74
84
98
94
95
100
82
80
88
84
83
81
81
84
81
85
79
84
77
78
72
76
77
77
77
78
81
85
76
76
75
75
82
84
81
84
78
82
80
80
80
80
82
80
78
78
86
81
81
79
82
83
80
78
82
81
81
80
82
78
78
76
75
75
77
79
80
79
84
77
82
76
77
76
81
83
84
81
77
78
77
80
81
80
84
83
82
80
78
82
83
88
90
88
87
90
85
82
86
85
82
84
84
85
83
84
84
87
83
86
81
83
81
82
82
81
87
84
90
93
91
89
76
75
75
75
72
75
79
77
75
75
77
74
76
77
78
78
76
76
75
77
77
80
72
71
72
71
72
72
72
71
72
74
73
72
74
72
76
72
71
79
85
83
78
73
75
74
76
79
79
86
80
80
80
77
79
78
76
76
76
78
78
77
77
76
76
78
79
79
81
80
81
83
75
80
84
89
91
84
80
77
84
82
80
80
77
77
76
80
79
83
77
78
83
79
76
74
79
78
80
85
81
86
80
78
77
76
78
78
80
80
78
84
81
87
86
86
83
78
88
92
102
93
77
75
70
69
76
81
77
73
67
67
71
67
71
79
84
85
74
69
65
62
66
68
72
70
71
70
64
68
64
66
68
70
71
70
70
71
69
67
69
66
70
69
68
67
73
76
71
71
71
69
71
77
69
72
70
69
67
65
64
63
70
67
71
80
82
74
72
68
71
72
75
77
71
70
66
68
69
72
72
75
70
70
69
69
69
72
75
74
70
72
68
68
71
70
72
77
76
75
68
68
68
69
70
68
70
75
83
77
74
74
81
78
81
80
78
78
77
73
74
72
79
82
85
80
76
74
72
72
70
71
72
72
77
78
74
71
73
71
76
73
71
70
70
69
70
68
72
68
75
78
73
69
73
75
74
72
73
70
73
74
76
72
68
68
68
68
68
69
68
68
71
71
77
79
77
75
83
93
104
96
86
91
95
92
96
96
96
89
78
79
78
79
82
83
76
76
78
82
82
82
77
79
74
77
75
76
78
85
85
85
81
77
80
78
86
81
83
78
78
80
80
76
76
78
94
95
90
98
103
101
99
99
99
98
104
105
103
105
101
103
102
100
100
99
98
98
102
102
105
102
103
103
102
101
100
101
101
102
103
103
102
102
102
104
103
105
102
105
105
106
105
106
104
104
105
103
105
100
104
104
103
103
107
117
127
137
138
141
144
145
150
152
153
155
155
158
157
159
162
162
160
159
164
163
164
167
169
168
169
169
168
166
165
165
167
168
167
167
167
166
165
163
165
166
167
168
168
168
169
167
165
164
167
169
169
168
172
172
174
174
172
173
171
170
167
161
155
150
144
141
137
134
132
133
126
120
119
115
117
111
108
105
99
99
103
102
97
92
90
94
100
95
93
92
89
90
89
88
90
91
93
99
95
96
89
90
87
90
90
94
95
98
93
91
90
89
91
89
96
90
90
87
95
90
93
92
93
89
89
89
88
89
89
90
93
92
93
93
94
92
90
93
93
99
91
95
89
90
94
93
94
94
92
93
91
92
90
93
90
91
92
89
93
89
89
90
92
91
91
88
89
87
88
88
90
89
91
88
91
92
96
95
96
91
91
93
93
92
93
88
87
87
84
86
88
89
89
90
90
91
91
90
90
92
94
96
102
96
97
94
96
94
94
92
96
94
92
89
89
84
88
84
84
85
87
89
90
91
91
90
89
90
89
89
90
90
95
100
97
101
94
97
89
93
90
96
96
94
93
97
97
97
90
89
88
94
113
119
97
98
107
104
105
102
97
95
99
100

