67
67
74
81
84
94
89
80
77
79
72
76
80
81
74
70
67
69
67
73
78
74
72
70
75
72
69
75
74
76
72
68
67
65
65
65
67
67
69
71
73
77
72
76
76
77
77
73
77
79
79
73
70
73
72
71
69
72
72
77
75
74
75
71
70
68
67
68
71
77
81
74
75
71
74
76
70
72
67
70
70
70
72
73
76
73
73
79
79
78
73
75
76
74
73
66
66
65
66
65
66
68
68
67
68
69
65
68
66
68
71
67
72
71
76
81
78
68
64
61
62
61
64
69
70
69
69
71
68
68
68
66
69
65
65
70
71
72
73
76
80
76
73
69
66
66
66
74
78
78
78
69
70
73
68
67
66
70
74
71
71
68
72
65
64
66
67
73
75
73
75
70
75
81
80
84
82
83
76
71
71
67
65
65
65
65
67
73
75
79
80
76
71
67
67
66
66
69
66
71
71
66
64
65
64
61
61
65
65
70
66
66
64
66
67
63
64
61
62
63
64
66
65
64
61
62
63
79
86
84
77
67
66
69
64
61
59
59
59
59
60
62
64
64
66
61
60
62
66
69
70
69
69
75
77
76
73
68
66
65
63
68
66
74
77
70
68
63
65
65
60
62
60
60
61
62
67
65
68
67
69
64
66
75
71
71
70
72
74
80
76
67
68
70
70
66
69
72
71
69
67
73
71
67
63
63
62
60
62
63
65
62
61
63
63
64
66
71
64
62
64
62
62
63
65
76
88
81
75
75
74
81
79
75
75
67
64
62
62
67
73
78
73
65
61
59
57
58
57
56
56
60
69
65
64
61
61
63
65
66
66
62
63
60
60
62
68
70
65
70
70
66
66
64
62
61
65
65
65
63
64
61
63
66
62
64
64
67
70
74
72
71
68
70
65
67
66
66
68
66
66
65
66
62
64
61
62
61
60
60
59
59
62
63
68
75
75
73
69
66
63
61
63
63
65
72
77
83
79
67
63
62
66
65
63
65
62
61
59
60
60
60
62
66
67
70
67
67
66
64
64
63
62
64
63
62
63
63
64
62
61
70
68
64
63
62
60
61
63
62
64
68
69
73
74
82
86
78
75
68
65
66
63
64
70
77
78
76
76
70
68
65
65
71
70
67
65
61
64
65
65
67
66
68
66
66
66
65
67
65
66
75
82
80
70
76
80
85
82
67
63
63
66
66
65
69
65
72
69
67
65
73
70
65
65
62
63
60
61
66
69
80
79
71
70
65
65
63
63
61
61
65
68
68
68
68
75
73
72
80
85
74
68
66
74
91
88
73
68
66
64
61
61
61
63
62
60
61
64
70
66
60
58
58
57
61
62
71
71
64
64
61
64
71
71
68
64
62
62
60
63
61
66
74
75
72
67
64
68
68
65
61
58
58
57
56
59
64
65
61
61
59
61
62
70
70
74
69
68
67
67
71
67
62
59
59
62
60
61
61
60
63
63
66
66
60
58
60
60
58
57
57
56
78
74
69
69
70
65
66
66
67
69
70
74
79
79
76
74
69
69
63
63
64
68
69
66
70
69
66
69
70
72
72
66
65
63
60
61
61
62
61
62
63
61
59
58
56
57
60
66
81
83
73
68
65
62
61
61
68
65
64
62
65
64
63
64
63
62
60
59
60
60
60
62
61
60
60
61
62
61
72
71
69
68
71
76
78
72
68
65
66
64
68
76
85
89
102
96
82
79
83
83
87
77
77
78
79
76
68
66
61
61
71
72
76
72
75
80
79
86
87
88
95
98
96
96
91
93
87
86
90
88
93
94
92
96
96
97
97
99
91
91
94
91
89
91
92
93
94
94
99
95
91
91
86
90
86
90
88
90
94
91
92
94
97
98
98
93
87
86
89
91
90
93
92
96
104
107
111
115
120
122
126
128
128
129
128
127
126
127
129
129
131
131
133
133
133
133
133
133
134
135
136
136
135
134
132
131
134
135
137
140
143
144
143
144
144
143
140
135
134
136
140
142
143
142
141
141
141
142
142
142
143
145
146
145
141
136
132
130
126
125
122
120
120
119
121
119
106
97
96
98
98
94
89
85
85
93
93
94
101
103
90
86
93
95
92
93
95
98
81
84
73
83
76
80
84
86
87
84
82
80
81
80
82
77
84
85
87
82
74
72
73
76
76
76
75
76
82
83
78
82
85
84
87
81
84
86
76
74
70
72
71
74
82
89
91
87
84
79
82
76
74
74
76
77
77
77
78
73
69
71
73
74
84
88
83
78
76
71
72
75
71
76
74
81
84
86
89
80
78
73
76
70
75
74
84
90
84
84
72
72
73
76
83
81
79
79
79
78
80
84
90
92
91
79
71
77
72
76
80
81
78
78
79
80
89
92
89
89
82
80
82
78
72
70
67
68
68
68
71
76
80
86
87
89
80
75
72
75
78
77
80
86
83
78
81
74
83
85
77
74
71
70
68
67
67
68
75
82
96
100

