92
92
99
100
105
111
112
113
110
110
106
97
88
87
88
86
85
82
82
84
89
90
91
90
86
83
84
85
80
83
82
86
88
87
83
83
83
83
83
83
81
82
81
83
85
88
86
87
84
85
86
86
84
87
88
88
85
85
82
83
87
83
81
80
78
80
79
81
79
79
79
78
81
81
84
82
82
84
85
88
81
80
81
80
80
81
81
83
83
82
84
82
85
87
83
83
84
85
87
87
85
82
81
80
81
80
84
84
83
81
82
81
82
81
80
78
79
80
80
80
80
81
84
83
84
82
83
82
85
82
83
82
82
82
83
83
88
88
86
82
82
82
83
83
83
84
85
86
86
88
86
85
86
89
91
93
96
95
90
91
87
83
86
87
87
86
84
83
84
83
85
84
88
88
87
89
92
90
86
89
88
87
85
88
91
93
88
84
85
84
86
85
82
83
84
84
90
98
95
89
90
94
91
96
92
89
87
86
91
88
85
83
83
82
82
80
82
81
81
83
83
83
83
84
86
88
87
84
82
83
81
81
83
83
85
87
84
83
85
88
88
86
84
82
83
82
83
83
85
87
91
96
90
86
88
88
94
94
93
90
83
84
83
83
85
87
84
83
85
88
94
99
97
92
85
86
90
90
89
89
88
87
89
91
95
95
91
89
86
86
88
90
88
94
90
93
91
87
90
93
95
95
89
89
88
90
89
95
94
89
87
86
89
90
90
91
96
103
109
119
116
114
111
111
111
104
100
95
90
87
86
82
92
98
97
91
85
83
83
86
86
91
90
90
95
98
98
94
87
89
88
91
89
89
92
95
94
93
87
87
91
87
92
87
86
86
87
87
92
92
91
89
87
87
85
84
84
86
86
87
87
88
86
86
86
85
85
85
85
84
86
85
86
88
92
88
84
84
84
85
83
87
87
88
87
87
87
88
90
90
89
86
85
85
85
84
84
84
83
84
89
86
85
85
84
85
85
85
89
97
94
91
83
87
85
85
86
86
87
87
89
86
86
87
87
87
87
88
86
84
87
87
85
84
86
85
89
86
85
90
92
95
93
90
100
105
112
111
109
112
105
104
103
103
94
95
91
91
88
89
88
88
89
87
90
89
92
92
90
90
97
101
94
96
96
97
96
96
95
95
96
98
96
98
94
93
92
92
97
100
94
92
92
91
89
90
92
90
91
89
95
92
94
100
114
117
120
112
97
93
89
89
91
94
94
95
102
101
94
92
90
90
89
87
84
88
91
94
95
96
97
98
99
98
100
98
100
102
108
121
134
127
118
112
108
100
101
93
90
91
87
93
84
86
85
89
92
93
90
90
98
97
92
90
92
90
91
91
95
98
95
94
93
91
95
91
89
91
89
90
99
101
98
99
95
95
90
85
85
84
85
83
85
85
95
98
100
100
94
102
96
92
88
86
92
93
94
96
92
97
92
91
89
86
94
94
95
94
92
93
97
93
94
100
109
106
99
100
96
97
101
101
100
100
99
100
99
100
103
96
90
86
84
84
88
90
100
100
97
94
88
88
87
90
93
96
90
93
98
102
98
97
90
88
84
89
83
83
82
83
84
88
90
88
84
89
98
108
98
94
92
93
94
88
94
100
97
94
88
87
89
90
86
87
88
86
90
90
88
85
88
88
95
95
93
96
96
94
97
99
95
95
90
88
86
88
105
115
127
126
112
121
120
120
120
118
120
109
118
110
105
95
95
98
94
93
90
96
99
100
110
115
115
116
116
113
119
116
115
110
112
108
112
111
113
115
118
117
120
118
113
115
110
117
114
116
113
110
111
114
111
116
115
117
114
119
116
116
118
119
125
124
121
120
125
125
119
118
123
123
122
120
120
121
120
119
118
122
125
131
134
152
163
163
163
163
163
163
163
163
163
163
163
163
163
163
163
163
163
163
163
163
163
163
163
163
163
163
163
163
163
163
163
163
163
163
163
163
163
163
195
195
195
195
195
195
195
195
195
195
195
195
195
195
195
194
197
197
197
197
197
197
197
197
197
197
197
197
197
197
197
197
197
155
150
144
137
133
130
130
126
126
120
117
120
122
116
113
111
109
109
115
111
109
105
103
109
108
104
103
104
104
105
109
113
112
113
113
116
111
110
108
104
103
102
102
103
107
106
103
105
108
111
109
106
102
100
99
103
106
102
101
104
102
101
99
101
105
104
103
100
102
100
98
99
103
100
100
99
101
100
100
102
103
101
105
107
110
108
107
101
101
105
108
103
101
99
104
99
101
100
102
98
101
103
105
107
107
106
100
100
101
98
97
96
97
98
101
101
102
100
101
101
100
103
100
99
99
100
100
102
103
99
102
104
104
105
107
106
106
105
103
98
98
102
102
99
97
99
98
103
107
108
106
104
104
101
104
102
98
98
100
104
108
109
112
106
103
102
107
109
107
106
108
109
105
107
103
103
102
98
107
107
116
114
116
118
122
109
113
114
109
110

