72
72
76
75
77
82
83
82
81
83
82
72
68
63
63
60
59
61
59
57
56
56
55
53
55
58
61
64
61
56
55
56
55
57
56
57
57
63
62
63
59
59
61
60
60
60
61
59
59
58
58
62
60
59
57
57
58
62
61
60
63
60
60
60
60
58
58
58
57
57
57
56
61
60
63
60
59
58
58
59
59
56
57
55
57
58
59
66
66
64
61
57
57
57
58
57
57
58
57
58
59
61
59
61
60
59
59
59
63
60
60
59
59
58
59
66
63
62
61
59
57
59
61
60
62
63
68
65
63
58
59
59
57
59
58
60
60
61
61
65
61
63
63
58
59
60
59
60
65
65
65
63
63
68
70
71
71
68
67
64
65
63
63
61
61
62
62
64
63
65
67
75
74
68
68
65
65
62
65
69
71
70
69
70
71
71
74
74
73
72
70
75
74
71
69
66
65
69
71
66
65
64
58
59
59
59
57
57
57
60
60
64
62
60
58
55
54
56
58
56
57
58
60
59
57
57
57
57
58
58
62
72
73
69
67
66
66
64
61
57
57
57
58
58
60
59
61
59
60
62
63
62
62
60
61
61
58
61
60
60
60
60
61
61
62
64
66
72
70
64
61
61
61
63
61
60
62
63
63
64
62
64
63
61
60
59
60
62
60
60
60
64
65
63
61
59
59
62
63
62
59
65
71
74
71
63
61
59
62
64
64
62
62
61
66
67
76
87
89
78
77
79
74
68
68
61
62
61
61
59
59
61
59
58
57
57
58
61
60
61
65
74
70
64
60
60
62
62
63
65
69
73
70
66
65
66
68
67
67
66
66
67
65
68
67
68
69
67
67
72
73
72
75
75
72
71
69
68
68
71
70
70
71
70
70
71
72
72
72
72
73
72
71
72
72
73
71
67
73
68
68
66
65
66
66
70
74
74
75
72
72
75
78
76
75
73
74
74
75
76
71
73
69
69
70
70
70
71
71
72
73
72
72
72
75
77
76
72
73
75
70
70
69
66
65
66
66
63
66
63
65
65
61
59
58
59
64
70
68
68
70
74
72
69
68
68
69
77
80
73
72
74
71
72
73
70
66
65
66
65
65
65
62
66
67
69
70
68
71
75
78
75
72
72
78
78
77
77
76
72
72
74
73
71
72
72
71
70
67
71
72
75
76
73
74
79
78
74
72
71
72
71
72
74
73
74
76
74
79
79
80
76
73
69
67
67
67
68
69
69
69
73
73
72
76
74
75
79
76
76
74
73
71
73
70
73
79
89
96
96
83
82
81
82
82
79
81
82
76
67
64
68
64
64
61
66
63
60
60
60
60
60
59
59
60
59
62
63
64
65
66
66
66
65
65
65
64
63
62
64
64
63
64
65
65
65
65
72
71
71
68
68
68
63
62
65
63
61
61
60
60
61
61
62
63
63
63
65
66
66
67
70
67
65
65
64
66
72
74
72
74
64
67
65
65
64
62
60
61
63
63
64
67
71
74
69
68
67
68
67
69
69
69
68
67
69
76
83
85
79
75
71
70
73
72
70
69
66
67
69
68
68
68
70
72
73
75
73
74
70
67
72
69
70
69
66
66
66
64
62
63
63
64
65
65
68
65
67
67
65
67
65
66
66
64
64
64
64
63
61
63
60
60
62
66
62
63
64
65
66
64
64
60
60
61
62
91
97
97
75
81
86
87
85
87
83
85
88
83
78
84
82
87
79
77
72
68
71
73
76
80
84
84
83
81
80
79
77
77
78
80
81
84
79
78
79
77
79
77
81
78
77
77
75
78
75
77
76
76
77
75
79
77
77
76
78
80
80
79
81
82
86
84
85
82
84
82
77
78
76
79
79
79
84
83
81
82
83
84
84
115
109
112
122
122
122
122
142
139
138
138
138
138
137
136
137
137
138
140
141
142
141
141
143
140
139
139
140
141
142
145
145
145
145
143
142
142
138
140
139
139
140
141
145
143
147
148
145
144
143
143
142
142
143
143
142
143
143
145
144
140
134
131
126
123
113
108
103
100
100
100
98
95
93
93
93
68
68
69
69
66
63
60
60
63
63
66
66
65
63
63
64
66
71
69
71
71
68
68
70
70
70
70
70
72
71
70
68
70
71
71
71
69
74
74
71
67
63
65
65
67
68
66
69
71
73
73
74
73
76
78
77
76
76
79
79
76
73
71
71
73
74
74
76
75
73
73
71
70
70
68
67
65
65
65
66
64
65
67
70
73
70
69
68
70
74
75
73
71
73
76
75
73
73
74
76
75
72
72
70
70
71
72
72
72
71
70
69
71
72
72
72
73
73
73
73
72
73
73
73
73
75
75
76
76
76
73
72
73
81
79
76
72
71
70
73
72
71
72
74
76
84
83
80
81
80
82
82
82
81
78
79
80
76
76
76
80
79
79
74
69
68
69
66
67
65
64
64
65
66
65
78
88
91
87
90
92

