86
86
91
83
89
87
84
84
85
88
85
84
82
82
83
83
79
81
79
80
80
81
81
82
81
83
84
86
86
83
81
81
82
88
88
83
78
80
83
78
79
82
82
85
82
82
84
87
88
87
90
88
84
77
80
76
82
79
80
77
77
75
74
74
74
74
75
75
76
77
79
79
77
78
82
85
84
78
79
80
82
78
77
73
75
79
78
78
79
83
82
80
78
76
75
75
74
77
71
74
77
77
76
78
81
84
90
82
81
80
75
76
74
76
81
75
74
78
78
80
80
77
78
75
76
75
76
82
83
86
79
77
75
74
74
77
80
89
88
86
82
81
79
80
82
77
79
80
77
73
70
70
70
74
71
76
80
71
71
78
75
74
74
69
68
68
71
72
75
82
81
79
77
78
80
79
79
80
78
80
83
82
79
77
75
71
75
71
71
71
74
74
71
78
79
75
78
71
71
67
67
65
65
69
72
72
72
74
74
73
74
75
75
72
72
70
71
73
73
75
73
73
75
78
76
73
70
72
74
73
71
75
75
71
71
71
73
70
69
64
66
69
69
70
71
76
77
72
69
68
68
70
69
68
69
68
68
69
72
76
72
71
70
74
72
70
70
64
64
66
67
68
68
71
71
70
71
73
71
76
77
72
74
68
68
69
70
66
66
66
66
67
67
67
68
68
68
69
69
70
70
70
73
69
66
64
66
68
71
70
68
71
70
75
73
77
84
95
92
87
91
97
95
90
92
91
89
86
83
80
81
78
79
83
81
76
73
70
73
76
83
93
95
87
82
82
84
87
92
96
95
94
90
91
90
83
84
86
78
86
90
96
97
94
91
88
91
92
94
83
83
83
80
81
78
76
76
77
80
84
84
80
78
76
80
85
82
81
79
80
76
75
76
77
82
80
80
78
79
88
83
81
83
83
86
82
80
80
79
83
82
76
76
74
75
77
79
79
78
77
75
75
75
75
74
73
72
72
73
78
79
75
76
74
74
80
84
79
76
74
73
74
73
73
74
72
72
72
74
78
74
73
73
75
77
75
74
73
74
74
73
74
74
74
75
74
75
81
81
78
76
73
73
72
74
79
79
76
75
74
73
72
72
73
71
73
73
70
73
74
78
85
84
84
76
68
66
66
69
70
72
71
71
70
70
71
70
72
72
70
73
72
72
72
71
73
73
74
73
74
75
76
76
76
76
81
80
75
75
70
69
70
70
73
75
69
72
74
71
72
71
70
70
69
69
68
68
70
71
72
74
81
83
70
68
68
67
68
69
74
72
64
66
66
71
78
74
71
73
72
73
73
72
74
73
71
73
71
73
74
73
74
74
73
71
72
73
73
73
72
72
74
72
70
72
69
68
69
75
73
71
70
69
68
68
69
74
84
86
74
72
75
75
73
78
79
76
68
70
68
68
65
66
65
66
66
67
64
64
64
63
68
68
67
72
66
65
63
61
59
58
59
60
61
64
66
66
65
64
63
63
63
63
64
71
78
76
70
66
66
65
65
66
65
67
67
66
65
68
69
70
71
71
71
70
72
69
68
70
67
68
68
67
68
68
69
72
69
69
68
66
65
65
67
70
68
66
69
68
67
67
66
66
67
67
68
68
69
68
69
70
72
70
69
67
66
66
66
67
71
70
69
69
68
69
70
70
70
71
73
70
75
73
71
70
68
69
66
67
69
69
67
68
68
67
67
68
68
68
68
67
66
66
66
67
67
67
66
67
65
65
70
72
69
68
66
65
63
64
64
64
66
65
66
65
68
69
66
65
62
62
63
64
67
69
69
69
71
72
74
69
70
70
68
70
73
72
72
72
67
67
66
65
67
66
68
68
68
67
67
74
84
91
98
97
94
92
83
82
82
84
79
76
75
74
73
76
76
74
70
69
75
76
74
72
73
73
77
79
79
82
79
82
88
81
81
82
81
80
82
82
88
92
88
86
86
87
93
95
90
90
86
89
86
86
86
87
86
88
96
96
91
87
91
92
91
87
86
88
87
89
83
84
84
85
84
84
83
84
84
85
89
88
86
84
84
84
84
84
82
84
93
102
116
124
131
132
134
135
138
139
142
143
143
144
145
145
147
149
150
149
150
151
152
152
154
154
155
156
156
157
158
158
158
157
158
158
158
158
158
158
159
159
161
162
163
163
165
164
165
165
164
165
163
163
163
162
161
161
163
164
164
163
160
157
152
150
145
142
138
136
130
127
128
120
124
125
113
117
116
117
119
115
110
108
104
106
103
105
102
103
103
103
103
107
108
98
101
104
102
100
98
98
98
98
100
98
95
93
92
93
92
89
94
95
93
90
92
92
96
93
91
90
90
89
89
87
86
86
86
86
86
88
87
86
86
87
89
91
89
88
86
84
85
84
83
83
81
82
82
82
81
80
80
80
81
81
82
84
85
83
82
82
81
82
82
81
83
82
87
88
88
87
88
85
85
87
88
89
84
85
83
85
77
74
74
77
86
89
88
86
82
82
80
77
77
81
84
83
82
82
85
84
83
84
84
83
82
82
82
82
83
82
87
79
70
72
75
77
79
77
76
76
77
78
76
81
79
78
77
76
76
75
75
75
77
79
82
76
75
74
78
79
76
74
75
73
78
78
76
77
77
78
80
85
98
105
108
105
106
108
109
100
98
92
83
91
94
89
82
88
79

