75
75
79
85
88
87
83
80
78
79
76
76
77
76
85
82
80
79
78
78
77
78
76
81
79
78
77
76
76
77
78
78
78
78
80
80
81
82
83
80
80
80
88
87
83
82
80
81
80
83
82
83
80
79
80
80
80
80
80
81
82
82
83
88
93
90
84
84
78
79
79
77
78
81
83
79
78
79
81
81
79
77
77
77
76
74
75
76
79
80
81
80
80
81
81
81
83
87
84
85
88
89
85
83
83
83
83
83
82
81
83
86
86
86
87
87
86
89
95
89
85
84
82
78
79
79
80
81
80
77
80
88
79
79
73
74
75
75
79
79
80
80
81
84
93
90
93
94
89
93
85
83
88
85
80
80
79
78
79
87
89
83
80
80
82
85
85
85
82
82
81
82
83
84
85
85
86
91
85
87
78
74
79
82
84
85
80
80
82
81
81
79
76
75
74
74
78
77
77
76
77
72
75
75
78
79
78
84
87
86
86
83
77
76
77
83
83
84
84
84
83
82
80
78
79
79
79
81
82
83
81
81
84
84
86
88
84
82
80
78
77
76
75
77
77
80
85
85
78
75
82
85
82
81
84
88
97
89
81
75
74
75
71
73
71
71
73
70
74
78
75
75
76
75
76
76
79
79
79
78
76
76
76
78
79
81
80
80
83
88
89
91
85
84
80
78
77
76
77
77
77
80
86
92
105
98
90
91
98
99
99
98
91
84
83
79
78
78
79
78
77
76
81
81
87
86
83
80
81
84
83
79
75
75
85
81
77
74
73
75
79
79
78
78
78
77
78
78
79
80
80
84
82
79
77
79
88
87
80
80
77
78
85
81
78
79
77
75
77
77
77
79
78
78
83
81
79
79
79
79
81
80
79
81
88
90
89
87
91
86
89
85
82
83
78
79
79
79
78
79
81
83
84
82
85
87
80
80
79
80
85
83
82
81
80
80
83
85
82
78
77
78
84
91
94
97
94
95
95
90
94
99
88
85
83
83
87
87
89
93
86
82
78
79
81
80
78
76
77
82
86
87
86
81
81
82
79
78
77
79
80
81
79
78
76
75
74
75
78
76
77
82
85
87
82
79
76
74
76
78
79
84
80
75
72
72
75
75
86
85
79
77
73
73
74
72
68
69
68
69
68
67
78
75
67
64
66
67
67
67
65
64
64
64
65
66
65
63
62
63
59
64
65
73
81
80
77
73
70
72
76
75
75
75
70
69
73
73
77
91
94
92
85
86
91
97
99
98
91
84
76
74
77
78
70
70
61
63
62
67
79
81
81
82
78
78
70
68
69
66
72
73
74
74
72
72
75
80
76
76
69
67
67
68
79
76
71
67
62
64
71
78
77
74
69
66
71
71
81
80
87
79
81
77
81
84
88
90
84
84
80
77
76
78
76
75
74
83
79
76
74
76
75
74
74
74
76
76
75
78
79
79
76
72
73
75
75
76
73
74
78
85
89
89
77
76
70
71
69
69
70
70
70
68
67
68
72
73
81
82
76
72
77
72
73
75
74
75
75
76
73
73
73
73
75
76
79
78
75
73
74
75
78
79
80
79
79
80
82
84
83
83
85
88
85
82
77
77
77
79
80
81
79
83
77
78
76
76
78
83
95
98
89
84
77
76
74
79
77
78
78
72
80
88
100
95
85
81
83
92
96
93
97
97
97
93
93
91
94
92
88
90
83
90
84
79
75
75
73
77
75
74
74
76
78
81
81
81
85
89
92
95
105
108
111
112
113
113
113
116
113
112
110
108
109
109
109
108
107
108
106
108
108
109
110
111
112
109
112
110
109
109
111
112
113
109
115
115
109
109
111
109
111
115
114
115
108
106
104
105
105
108
110
112
116
115
113
113
112
113
113
113
150
154
156
159
161
164
166
168
170
172
173
174
176
177
177
177
178
178
179
179
180
180
180
180
180
180
180
180
181
183
184
182
179
180
182
183
184
186
188
189
188
189
189
190
189
189
189
189
189
190
190
188
192
192
192
193
191
191
194
194
194
194
194
194
170
168
159
151
149
146
141
136
131
127
128
129
132
126
119
117
122
122
118
116
116
118
116
118
112
110
108
107
106
105
109
109
109
109
106
106
108
105
106
107
107
107
106
107
109
109
111
110
109
109
106
105
106
107
108
109
109
108
108
108
107
107
106
105
106
106
106
110
105
103
101
100
100
100
100
99
100
101
101
97
102
106
105
101
100
99
99
97
97
97
98
97
97
96
99
100
102
101
101
102
104
103
103
103
105
102
104
103
100
102
104
107
101
100
96
95
100
105
102
99
96
101
98
97
94
97
92
93
94
96
99
99
97
99
97
99
98
96
97
97
100
99
100
99
99
99
101
101
102
101
101
100
101
100
101
100
101
102
102
102
103
101
100
101
101
100
100
106
102
99
98
99
99
98
98
95
95
94
98
100
102
102
101
100
100
105
105
104
103
100
96
96
100
107
120
112
96
100
101
104
104
101
109
106
105
100
96
96
95
97
96
98
101

