89
89
98
102
101
105
101
97
96
99
105
100
96
93
97
95
94
95
96
98
99
99
98
98
100
99
99
95
95
97
100
97
96
95
93
93
92
92
94
93
93
93
95
95
96
96
97
98
98
97
98
97
98
98
97
97
99
99
99
98
99
99
98
98
99
99
99
97
96
95
97
97
103
108
102
95
95
92
95
95
96
96
96
97
95
98
96
97
98
99
102
99
96
97
95
95
93
94
95
96
96
97
103
100
101
92
93
92
93
95
95
94
96
89
93
93
94
94
95
94
96
92
94
93
94
95
97
97
96
93
95
96
95
97
95
95
94
95
101
103
104
99
91
90
90
92
93
94
99
97
95
95
94
95
94
96
95
95
96
96
94
94
95
95
95
96
96
96
97
97
95
93
95
96
96
100
95
94
96
93
94
94
95
95
97
101
100
99
98
100
102
99
93
93
94
95
96
96
105
108
106
102
104
96
88
88
87
87
91
92
93
92
94
96
94
93
92
91
93
93
95
93
94
91
92
92
92
90
92
93
93
95
93
92
92
92
93
94
96
94
92
93
98
96
93
92
91
93
91
93
92
95
94
91
92
88
91
88
89
89
88
89
88
89
88
93
94
96
93
91
90
90
89
89
89
90
94
97
93
91
90
89
88
87
89
94
96
97
91
92
90
92
93
93
92
93
93
95
94
94
95
97
95
93
89
91
89
89
89
87
90
91
93
95
97
94
92
90
89
84
96
99
91
92
90
95
98
100
101
108
118
115
106
109
103
100
102
96
94
100
100
97
81
92
96
91
88
84
86
84
92
92
94
94
93
95
97
95
94
92
101
101
88
91
97
100
91
101
104
95
91
83
87
97
95
98
94
95
96
89
88
89
86
82
82
80
84
85
88
89
92
89
84
83
84
86
86
86
84
84
82
83
84
83
81
84
83
83
81
84
88
87
83
83
84
89
86
85
83
87
87
87
86
86
83
85
85
84
86
86
85
85
82
83
83
85
83
87
91
88
87
85
87
86
86
82
83
84
85
88
83
86
82
85
80
82
84
84
83
84
85
86
86
88
82
84
83
85
85
87
80
82
90
88
90
88
87
84
85
85
86
86
85
85
95
100
100
97
97
95
93
95
93
100
92
93
96
100
99
93
91
92
92
82
92
86
82
79
81
82
82
81
82
80
82
84
85
83
85
85
85
82
82
81
87
89
87
86
85
85
80
82
82
84
89
85
89
81
83
85
85
87
81
83
84
88
89
89
89
88
83
89
101
107
96
93
94
99
96
90
89
90
93
91
98
98
95
96
99
101
100
110
124
110
106
85
64
61
75
85
84
88
87
81
87
97
92
96
91
97
84
79
87
89
89
93
93
91
85
88
89
93
92
89
90
90
86
84
89
86
94
88
89
88
89
89
86
87
87
89
89
90
90
89
92
96
87
90
79
83
80
85
83
85
87
88
88
88
89
86
91
86
86
84
87
87
89
90
94
94
91
92
92
91
91
90
92
92
93
89
93
90
92
90
91
92
92
94
91
90
86
89
85
90
85
88
83
89
88
90
85
88
89
91
90
91
88
91
95
99
98
101
83
82
87
86
89
91
93
87
90
87
92
88
81
84
82
82
89
96
90
85
84
85
87
97
99
97
89
95
101
90
84
84
82
84
89
89
89
87
89
97
100
93
92
92
95
92
94
98
102
92
80
85
81
86
91
99
113
119
99
94
101
106
102
102
99
102
102
103
106
94
96
95
100
101
89
89
80
90
85
87
94
97
101
102
102
101
97
94
97
100
106
102
101
97
97
97
97
97
98
98
100
100
97
97
97
98
101
102
94
100
94
94
98
100
100
107
103
101
97
98
99
99
99
96
99
96
97
97
99
100
101
104
103
102
99
100
102
109
119
125
130
129
128
127
128
130
133
135
137
138
139
138
137
138
137
137
137
137
139
139
137
139
139
139
140
140
139
139
141
140
140
141
142
142
138
139
140
136
140
140
142
144
145
145
146
145
144
143
143
142
143
143
142
143
139
140
141
142
142
143
139
135
130
124
118
115
116
114
115
113
114
112
108
107
104
103
101
96
95
97
98
96
95
91
93
92
94
96
97
94
96
97
97
92
91
91
92
91
93
92
95
96
92
86
80
86
86
88
89
96
96
89
85
86
94
94
94
97
97
98
98
97
94
98
99
94
97
87
90
93
88
87
86
89
91
90
90
90
100
100
91
88
87
95
92
90
92
93
95
91
92
91
95
95
100
94
95
86
89
87
84
89
85
89
93
94
85
92
92
97
95
101
92
92
91
90
89
89
92
100
98
90
94
95
94
93
95
91
88
86
95
91
91
91
93
86
89
89
96
87
87
85
90
89
90
90
91
92
87
89
84
86
84
84
87
85
87
84
91
90
93
87
87
88
84
86
83
85
82
87
88
88
86
86
84
87
88
86
87
83
85
85
87
88
85
90
89
89
84
86
91
101
114
116
115

