102
102
102
102
104
96
94
99
97
92
94
97
97
98
96
96
97
102
100
108
95
92
86
85
85
91
91
94
95
91
92
97
99
108
107
98
97
96
98
95
84
82
93
96
92
82
90
98
99
97
101
101
101
95
92
92
96
95
93
88
89
83
84
84
86
85
86
91
92
91
84
80
86
89
90
93
88
96
96
93
92
90
89
90
90
88
88
89
87
87
85
86
86
91
89
89
78
77
77
83
83
84
84
83
83
84
85
82
84
84
78
75
81
88
89
91
88
93
94
94
93
95
95
92
93
91
87
89
88
87
85
79
81
82
84
82
81
83
83
85
85
80
81
79
87
89
92
88
85
79
82
77
75
71
72
71
70
76
78
74
74
77
78
84
86
87
90
86
82
83
84
84
82
91
97
92
81
84
82
77
78
84
88
89
86
82
84
86
84
88
77
76
78
85
90
92
94
98
100
98
97
96
89
78
82
92
95
91
87
86
90
92
90
86
85
84
80
86
78
82
81
82
84
82
84
84
84
84
87
92
99
95
95
83
79
84
87
81
84
80
83
90
89
86
77
74
72
85
89
88
89
92
99
104
106
104
101
95
97
96
99
102
99
95
95
97
89
89
88
90
88
90
87
93
97
91
82
81
86
91
93
91
94
94
96
96
90
92
89
82
88
89
89
90
87
88
87
87
85
88
83
78
77
79
89
95
89
85
77
83
84
82
82
88
94
103
106
106
106
98
97
98
96
101
102
100
102
99
96
89
89
95
100
103
98
95
92
94
96
92
89
87
85
89
93
101
100
90
85
78
75
74
74
78
81
82
84
83
85
84
84
84
84
83
85
87
88
87
86
82
90
90
88
84
85
84
82
83
78
74
72
72
72
72
74
79
76
79
80
80
79
79
79
80
78
82
89
87
84
79
80
77
80
83
85
87
85
83
80
78
78
75
79
90
95
96
91
90
85
77
76
74
75
78
78
79
80
83
82
82
76
79
82
81
78
80
80
81
84
83
84
83
82
78
77
77
75
74
73
73
72
71
71
73
71
71
70
69
69
70
70
70
70
68
68
66
67
64
65
65
64
69
71
67
67
67
67
67
67
67
68
67
69
70
69
68
67
69
69
72
69
68
68
71
70
69
72
73
73
69
69
74
73
69
81
91
94
89
85
85
86
83
81
76
77
82
83
89
93
88
81
77
75
75
74
73
75
74
77
76
77
75
76
75
74
75
75
76
75
77
72
71
71
70
72
66
66
65
65
65
68
69
67
72
69
72
72
84
93
102
106
105
84
87
88
93
92
84
82
88
86
83
85
89
90
94
98
85
83
76
76
84
86
83
81
79
75
76
77
77
78
86
84
89
87
83
80
80
84
84
82
74
72
70
67
67
67
69
72
73
76
87
93
97
93
87
83
84
90
95
96
96
97
94
98
103
105
89
89
83
86
84
86
80
80
77
85
80
80
75
75
74
75
78
88
99
93
78
74
73
77
74
75
75
74
78
80
94
95
100
92
84
83
90
101
95
87
83
78
76
77
81
84
91
91
92
86
81
84
87
85
78
79
81
88
89
87
82
85
81
86
89
95
96
100
91
85
78
80
78
84
83
85
90
90
90
93
88
86
91
97
94
98
91
84
90
90
92
92
84
85
85
83
80
76
83
87
91
82
88
90
91
91
93
97
104
109
116
116
103
89
76
83
86
87
90
94
96
99
98
93
89
85
85
80
79
82
93
91
87
78
74
72
77
77
88
92
94
87
80
81
80
87
94
96
94
94
90
90
86
86
86
86
86
82
84
86
92
92
88
85
88
93
95
93
84
80
86
86
81
76
77
76
72
74
77
81
95
102
107
103
97
95
91
87
94
97
92
85
94
94
91
92
84
94
92
90
87
90
92
94
85
88
95
89
92
94
98
100
103
102
104
103
105
107
103
104
102
105
102
103
109
109
110
112
111
111
113
108
105
108
109
110
110
103
109
110
105
105
106
105
105
105
107
98
101
103
97
97
98
101
102
105
106
106
110
108
109
108
111
114
120
124
127
129
130
137
142
145
148
150
152
153
155
156
156
157
157
157
161
161
161
159
160
161
162
162
163
163
163
164
165
166
168
168
168
165
165
168
167
167
168
168
168
169
171
171
171
172
171
172
174
174
175
175
176
176
175
176
176
176
175
174
173
172
169
167
166
164
161
159
159
157
157
151
148
146
143
139
137
136
136
136
137
135
132
131
130
128
127
127
127
126
126
126
127
127
126
125
125
126
127
123
123
123
122
121
122
120
118
117
119
118
119
117
116
114
114
114
112
113
115
116
117
118
119
116
114
112
113
113
113
113
115
115
114
115
113
116
116
114
112
111
109
108
107
107
108
107
108
108
108
108
108
108
107
107
108
109
108
108
108
110
108
107
111
114
113
112
110
108
106
105
103
104
104
104
105
105
106
105
106
106
104
103
100
101
101
103
105
104
102
101
101
101
101
102
103
104
103
107
106
103
100
100
97
98
96
98
95
95
97
98
98
98
100
98
101
100
102
102
101
102
101
101
103
102
105
108
113
110
106
106
105
106
106
108
106
108
85
90
102
106
108
107
108
110
111
107
105
90
101
108
117

