93
-526.849
-526.883
-526.789
-526.803
-526.703
-526.864
-526.85
-526.894
-526.845
-526.871
-526.773
-526.917
-526.78
-526.749
-526.785
-526.873
-526.89
-526.788
-526.821
-526.79
-526.877
-526.938
-526.868
-526.846
-526.773
-526.838
-526.856
-526.794
-526.854
-526.828
-526.818
-526.792
-526.859
-526.937
-526.823
-526.838
-526.848
-526.731
-526.806
-526.825
-526.832
-526.82
-526.778
-526.903
-526.803
-526.826
-526.874
-526.807
-526.891
-526.863
-526.907
-526.774
-526.812
-526.867
-526.925
-526.884
-526.814
-526.773
-526.809
-526.813
-526.775
-526.925
-526.928
-526.884
-526.817
-526.825
-526.896
-526.982
-526.828
-526.814
-526.829
-526.876
-526.831
-526.797
-526.806
-526.957
-526.794
-526.817
-526.766
-526.822
-526.785
-526.867
-526.804
-526.779
-526.839
-526.771
-526.809
-526.809
-526.823
-526.86
-526.877
-526.767
-526.866
-525.373
-527.003
