1                 1.5640000000000   0.1342000000000   -2.7644406764158  
2                 2.2186690770138   0.6352082139265   -2.7184179617888  
3                 1.8705733267907   0.3688158697361   -2.8888463548100  
4                 1.8378900818459   0.3703844012544   -2.8908719055827  
5                 1.8383121639990   0.3675333984522   -2.8901665079389  
6                 1.8379322900612   0.3700993009742   -2.8902505060309  
7                 1.8378943026674   0.3703558912264   -2.8899467787198  
8                 1.8378905039280   0.3703815502516   -2.8905590915514  
9                 1.8378901240541   0.3703841161541   -2.8898718716472  
10                1.8378900860667   0.3703843727444   -2.8904305526874  
11                1.8378900822680   0.3703843984034   -2.8903906614389  
12                1.8378900818881   0.3703844009693   -2.8908185137222  

%time: 382.0800000000000
%Variational parameter alpha: 1.8378900818459
%Variational parameter beta: 0.3703844012544
%Minimal energy                           : -2.8908185137222
%Number of iterations  : 12

