1                 1.8378900818459   0.3703844012544   -2.8902319085560  
2                 1.8365297438732   0.3665186798814   -2.8904055107672  
3                 1.8383871054099   0.3569668858757   -2.8906928076909  
4                 1.8428591487628   0.3470344928610   -2.8895704361192  
5                 1.8388343097452   0.3559736465742   -2.8898179537401  
6                 1.8384318258435   0.3568675619455   -2.8908960472202  
7                 1.8581745217265   0.3309075493623   -2.8906673923148  
8                 1.8412441014366   0.3531696520847   -2.8907561407740  
9                 1.8387130534028   0.3564977709595   -2.8906100342470  
10                1.8384599485994   0.3568305828469   -2.8898576453288  
11                1.8384346381191   0.3568638640357   -2.8903213834806  
12                1.8384321070710   0.3568671921546   -2.8905482267091  
13                1.8384318539662   0.3568675249664   -2.8902050942747  
14                1.8384318286557   0.3568675582476   -2.8903971502276  
15                1.8384318261247   0.3568675615757   -2.8896236157120  

%time: 477.2400000000000
%Variational parameter alpha: 1.8384318258435
%Variational parameter beta: 0.3568675619455
%Minimal energy                           : -2.8896236157120
%Number of iterations  : 15

