1                 2.2430000000000   0.3210000000000   -2.7477016925403  
2                 1.5206776692966   0.1304751203488   -2.7319478851325  
3                 1.8917545419265   0.2283529977091   -2.8889752813684  
4                 1.8767756507967   0.2526263823713   -2.8891359014697  
5                 1.8488819176268   0.3154895867490   -2.8901692381802  
6                 1.8444965976107   0.3357484656206   -2.8903217211312  
7                 1.8433846120784   0.3452986709180   -2.8895273363750  
8                 1.8443853990575   0.3367034861503   -2.8904892733642  
9                 1.8439728143657   0.3412210725240   -2.8917787749652  
10                1.8421900645662   0.3452227204566   -2.8905720731408  
11                1.8437945393857   0.3416212373173   -2.8897698959601  
12                1.8439549868677   0.3412610890034   -2.8903155099206  
13                1.8439710316159   0.3412250741720   -2.8903248466336  
14                1.8439726360907   0.3412214726888   -2.8899994940102  
15                1.8439727965382   0.3412211125405   -2.8897976220891  
16                1.8439728125829   0.3412210765257   -2.8908983577898  
17                1.8439728141874   0.3412210729242   -2.8907030323472  

%time: 541.7500000000000
%Variational parameter alpha: 1.8439728143657
%Variational parameter beta: 0.3412210725240
%Minimal energy                           : -2.8907030323472
%Number of iterations  : 17
