  90
  0.2100  0.1975  0.0125  0.0103  0.0023  0.0000  0.0000  0.0000   0.0000
  0.2200  0.2063  0.0137  0.0110  0.0027  0.0000  0.0000  0.0000   0.0000
  0.2300  0.2152  0.0148  0.0117  0.0032  0.0000  0.0000  0.0000   0.0000
  0.2400  0.2239  0.0161  0.0124  0.0036  0.0000  0.0000  0.0000   0.0000
  0.2500  0.2327  0.0173  0.0132  0.0041  0.0000  0.0000  0.0000   0.0000
  0.2600  0.2414  0.0186  0.0139  0.0046  0.0000  0.0000  0.0000   0.0000
  0.2700  0.2485  0.0203  0.0142  0.0049  0.0012  0.0000  0.0000   0.0000
  0.2800  0.2533  0.0227  0.0139  0.0047  0.0041  0.0000  0.0000   0.0000
  0.2900  0.2580  0.0250  0.0136  0.0045  0.0069  0.0000  0.0000   0.0000
  0.3000  0.2627  0.0274  0.0133  0.0042  0.0099  0.0000  0.0000   0.0000
  0.3100  0.2673  0.0298  0.0130  0.0040  0.0129  0.0000  0.0000   0.0000
  0.3200  0.2718  0.0323  0.0126  0.0038  0.0159  0.0000  0.0000   0.0000
  0.3300  0.2762  0.0348  0.0122  0.0035  0.0190  0.0000  0.0000   0.0000
  0.3400  0.2804  0.0373  0.0118  0.0033  0.0222  0.0000  0.0000   0.0000
  0.3500  0.2846  0.0399  0.0114  0.0030  0.0255  0.0000  0.0000   0.0000
  0.3600  0.2886  0.0426  0.0110  0.0027  0.0289  0.0000  0.0000   0.0000
  0.3700  0.2924  0.0453  0.0106  0.0024  0.0323  0.0000  0.0000   0.0000
  0.3800  0.2962  0.0480  0.0101  0.0022  0.0357  0.0000  0.0000   0.0000
  0.3900  0.2999  0.0509  0.0097  0.0019  0.0393  0.0000  0.0000   0.0000
  0.4000  0.3035  0.0537  0.0092  0.0017  0.0428  0.0000  0.0000   0.0000
  0.4100  0.3068  0.0567  0.0087  0.0014  0.0466  0.0000  0.0000   0.0000
  0.4200  0.3101  0.0596  0.0083  0.0011  0.0503  0.0000  0.0000   0.0000
  0.4300  0.3134  0.0626  0.0078  0.0009  0.0539  0.0000  0.0000   0.0000
  0.4400  0.3168  0.0656  0.0074  0.0007  0.0576  0.0000  0.0000   0.0000
  0.4500  0.3201  0.0687  0.0069  0.0005  0.0612  0.0000  0.0000   0.0000
  0.4600  0.3234  0.0717  0.0065  0.0004  0.0648  0.0000  0.0000   0.0000
  0.4700  0.3268  0.0748  0.0061  0.0002  0.0684  0.0000  0.0000   0.0000
  0.4800  0.3301  0.0779  0.0058  0.0001  0.0720  0.0000  0.0000   0.0000
  0.4900  0.3333  0.0811  0.0054  0.0000  0.0756  0.0000  0.0000   0.0000
  0.5000  0.3366  0.0843  0.0051  0.0000  0.0792  0.0000  0.0000   0.0000
  0.5100  0.3398  0.0875  0.0048  0.0000  0.0827  0.0000  0.0000   0.0000
  0.5200  0.3429  0.0908  0.0044  0.0000  0.0863  0.0000  0.0000   0.0000
  0.5300  0.3460  0.0941  0.0041  0.0000  0.0899  0.0000  0.0000   0.0000
  0.5400  0.3490  0.0974  0.0038  0.0000  0.0936  0.0000  0.0000   0.0000
  0.5500  0.3519  0.1008  0.0035  0.0000  0.0973  0.0000  0.0000   0.0000
  0.5600  0.3547  0.1043  0.0032  0.0000  0.1011  0.0000  0.0000   0.0000
  0.5700  0.3574  0.1078  0.0030  0.0000  0.1048  0.0000  0.0000   0.0000
  0.5800  0.3600  0.1113  0.0027  0.0000  0.1086  0.0000  0.0000   0.0000
  0.5900  0.3626  0.1149  0.0024  0.0000  0.1125  0.0000  0.0000   0.0000
  0.6000  0.3651  0.1185  0.0022  0.0000  0.1163  0.0000  0.0000   0.0000
  0.6100  0.3674  0.1221  0.0020  0.0000  0.1201  0.0005  0.0000   0.0000
  0.6200  0.3691  0.1253  0.0018  0.0000  0.1235  0.0022  0.0000   0.0000
  0.6300  0.3708  0.1285  0.0016  0.0000  0.1269  0.0039  0.0000   0.0000
  0.6400  0.3723  0.1317  0.0014  0.0000  0.1303  0.0057  0.0000   0.0000
  0.6500  0.3738  0.1350  0.0013  0.0000  0.1337  0.0076  0.0000   0.0000
  0.6600  0.3752  0.1382  0.0012  0.0000  0.1370  0.0095  0.0000   0.0000
  0.6700  0.3766  0.1414  0.0010  0.0000  0.1404  0.0116  0.0000   0.0000
  0.6800  0.3779  0.1446  0.0009  0.0000  0.1437  0.0138  0.0000   0.0000
  0.6900  0.3791  0.1479  0.0008  0.0000  0.1471  0.0160  0.0000   0.0000
  0.7000  0.3803  0.1511  0.0007  0.0000  0.1504  0.0183  0.0000   0.0000
  0.7100  0.3813  0.1543  0.0006  0.0000  0.1537  0.0206  0.0000   0.0000
  0.7200  0.3823  0.1576  0.0005  0.0000  0.1571  0.0230  0.0000   0.0000
  0.7300  0.3832  0.1609  0.0005  0.0000  0.1604  0.0255  0.0000   0.0000
  0.7400  0.3841  0.1641  0.0004  0.0000  0.1637  0.0280  0.0000   0.0000
  0.7500  0.3850  0.1674  0.0003  0.0000  0.1670  0.0306  0.0000   0.0000
  0.7600  0.3858  0.1706  0.0003  0.0000  0.1703  0.0333  0.0000   0.0000
  0.7700  0.3866  0.1738  0.0002  0.0000  0.1736  0.0360  0.0000   0.0000
  0.7800  0.3874  0.1770  0.0002  0.0000  0.1768  0.0389  0.0000   0.0000
  0.7900  0.3882  0.1801  0.0002  0.0000  0.1799  0.0418  0.0000   0.0000
  0.8000  0.3890  0.1831  0.0001  0.0000  0.1830  0.0449  0.0000   0.0000
  0.8100  0.3899  0.1860  0.0001  0.0000  0.1859  0.0482  0.0000   0.0000
  0.8200  0.3907  0.1889  0.0001  0.0000  0.1888  0.0516  0.0000   0.0000
  0.8300  0.3915  0.1918  0.0001  0.0000  0.1917  0.0550  0.0000   0.0000
  0.8400  0.3922  0.1947  0.0001  0.0000  0.1947  0.0584  0.0000   0.0000
  0.8500  0.3928  0.1977  0.0000  0.0000  0.1977  0.0618  0.0000   0.0000
  0.8600  0.3934  0.2007  0.0000  0.0000  0.2007  0.0651  0.0000   0.0000
  0.8700  0.3939  0.2038  0.0000  0.0000  0.2038  0.0684  0.0000   0.0000
  0.8800  0.3944  0.2070  0.0000  0.0000  0.2070  0.0717  0.0000   0.0000
  0.8900  0.3948  0.2101  0.0000  0.0000  0.2101  0.0749  0.0000   0.0000
  0.9000  0.3952  0.2133  0.0000  0.0000  0.2133  0.0782  0.0000   0.0000
  0.9100  0.3956  0.2164  0.0000  0.0000  0.2164  0.0816  0.0000   0.0000
  0.9200  0.3961  0.2194  0.0000  0.0000  0.2194  0.0852  0.0000   0.0000
  0.9300  0.3966  0.2222  0.0000  0.0000  0.2222  0.0890  0.0000   0.0000
  0.9400  0.3971  0.2250  0.0000  0.0000  0.2250  0.0930  0.0000   0.0000
  0.9500  0.3976  0.2276  0.0000  0.0000  0.2276  0.0973  0.0000   0.0000
  0.9600  0.3981  0.2300  0.0000  0.0000  0.2300  0.1019  0.0000   0.0000
  0.9700  0.3986  0.2323  0.0000  0.0000  0.2323  0.1067  0.0000   0.0000
  0.9800  0.3992  0.2345  0.0000  0.0000  0.2345  0.1118  0.0000   0.0000
  0.9900  0.3996  0.2366  0.0000  0.0000  0.2366  0.1172  0.0000   0.0000
  1.0000  0.4001  0.2386  0.0000  0.0000  0.2386  0.1227  0.0000   0.0000
  1.0100  0.4002  0.2410  0.0000  0.0000  0.2410  0.1278  0.0000   0.0000
  1.0200  0.4003  0.2434  0.0000  0.0000  0.2434  0.1330  0.0000   0.0000
  1.0300  0.4004  0.2457  0.0000  0.0000  0.2457  0.1382  0.0000   0.0000
  1.0400  0.4005  0.2480  0.0000  0.0000  0.2480  0.1435  0.0000   0.0000
  1.0500  0.4006  0.2503  0.0000  0.0000  0.2503  0.1488  0.0000   0.0000
  1.0600  0.4007  0.2525  0.0000  0.0000  0.2525  0.1542  0.0000   0.0000
  1.0700  0.4009  0.2547  0.0000  0.0000  0.2547  0.1597  0.0000   0.0000
  1.0800  0.4011  0.2568  0.0000  0.0000  0.2569  0.1652  0.0000   0.0000
  1.0900  0.4013  0.2589  0.0000  0.0000  0.2590  0.1708  0.0000   0.0000
  1.1000  0.4015  0.2610  0.0000  0.0000  0.2610  0.1765  0.0000   0.0000