0.003     -0.0467534
0.006     -0.0393463
0.009     -0.0293344
0.012     -0.0185248
0.015     -0.00743648
0.018     0.00372605
0.021     0.0148692
0.024     0.0259466
0.027     0.0369349
0.03     0.0478224
0.033     0.0586039
0.036     0.069278
0.039     0.0798452
0.042     0.0903075
0.045     0.100667
0.048     0.110928
0.051     0.121092
0.054     0.131163
0.057     0.141144
0.06     0.151039
0.063     0.160849
0.066     0.170578
0.069     0.180229
0.072     0.189805
0.075     0.199307
0.078     0.208738
0.081     0.2181
0.084     0.227396
0.087     0.236628
0.09     0.245797
0.093     0.254905
0.096     0.263954
0.099     0.272946
0.102     0.281883
0.105     0.290765
0.108     0.299594
0.111     0.308372
0.114     0.3171
0.117     0.32578
0.12     0.334411
0.123     0.342996
0.126     0.351536
0.129     0.360032
0.132     0.368484
0.135     0.376894
0.138     0.385262
0.141     0.39359
0.144     0.401879
0.147     0.410129
0.15     0.41834
0.153     0.426515
0.156     0.434653
0.159     0.442755
0.162     0.450823
0.165     0.458856
0.168     0.466855
0.171     0.474821
0.174     0.482755
0.177     0.490657
0.18     0.498528
0.183     0.506367
0.186     0.514177
0.189     0.521957
0.192     0.529707
0.195     0.537429
0.198     0.545123
0.201     0.552788
0.204     0.560427
0.207     0.568038
0.21     0.575623
0.213     0.583182
0.216     0.590715
0.219     0.598223
0.222     0.605706
0.225     0.613164
0.228     0.620598
0.231     0.628008
0.234     0.635395
0.237     0.642758
0.24     0.650099
0.243     0.657417
0.246     0.664712
0.249     0.671986
0.252     0.679238
0.255     0.686469
0.258     0.693678
0.261     0.700867
0.264     0.708035
0.267     0.715183
0.27     0.722311
0.273     0.729419
0.276     0.736507
0.279     0.743576
0.282     0.750626
0.285     0.757657
0.288     0.764669
0.291     0.771663
0.294     0.778639
0.297     0.785597
