8
1 3 3 3 3 3 3 3
0
0
18.01640 22.04650 16.08250 11.63570 7.70365 4.87338 3.32987 2.02791
0.97349 0.01684 0.02422 -0.00114 0.00123 -0.00039 0.00010 -0.00003
8
1 3 3 3 3 3 3 3
0
0
18.01640 22.04650 16.08250 11.63570 7.70365 4.87338 3.32987 2.02791
0.27635 0.00289 -0.03241 -0.33229 -0.65828 0.06834 0.00623 -0.00174
8
1 3 3 3 3 3 3 3
0
0
18.01640 22.04650 16.08250 11.63570 7.70365 4.87338 3.32987 2.02791
0.08634 0.00186 -0.01540 -0.10236 -0.27614 -0.11879 0.68436 0.52050
8
2 4 4 4 4 4 4 4
1
-1
9.05477 15.54410 12.39970 8.56120 5.94658 3.42459 1.96709 1.06717
0.64116 0.00865 0.04186 0.31735 0.09642 0.00003 0.00055 -0.00013
8
2 4 4 4 4 4 4 4
1
0
9.05477 15.54410 12.39970 8.56120 5.94658 3.42459 1.96709 1.06717
0.64116 0.00865 0.04186 0.31735 0.09642 0.00003 0.00055 -0.00013
8
2 4 4 4 4 4 4 4
1
1
9.05477 15.54410 12.39970 8.56120 5.94658 3.42459 1.96709 1.06717
0.64116 0.00865 0.04186 0.31735 0.09642 0.00003 0.00055 -0.00013
8
2 4 4 4 4 4 4 4
1
-1
9.05477 15.54410 12.39970 8.56120 5.94658 3.42459 1.96709 1.06717
-0.17850 -0.00812 0.00520 -0.10986 0.10994 0.56149 0.46314 0.02951
8
2 4 4 4 4 4 4 4
1
0
9.05477 15.54410 12.39970 8.56120 5.94658 3.42459 1.96709 1.06717
-0.17850 -0.00812 0.00520 -0.10986 0.10994 0.56149 0.46314 0.02951
8
2 4 4 4 4 4 4 4
1
1
9.05477 15.54410 12.39970 8.56120 5.94658 3.42459 1.96709 1.06717
-0.17850 -0.00812 0.00520 -0.10986 0.10994 0.56149 0.46314 0.02951
