650
0 1 3 0 1 3 0 1 3 0 1 3 0 0    -3.146177
0 1 3 0 1 3 0 1 1 0 1 1 0 0    -4.485746
0 1 3 0 1 3 0 2 5 0 2 5 0 0    2.242564
0 1 3 0 1 3 0 2 3 0 2 3 0 0    1.879108
0 1 3 0 1 3 1 0 1 1 0 1 0 0    -0.419050
0 1 3 0 1 3 0 3 7 0 3 7 0 0    -0.940556
0 1 1 0 1 1 0 1 1 0 1 1 0 0    -0.461558
0 1 1 0 1 1 0 2 5 0 2 5 0 0    1.357966
0 1 1 0 1 1 0 2 3 0 2 3 0 0    0.525230
0 1 1 0 1 1 1 0 1 1 0 1 0 0    0.099901
0 1 1 0 1 1 0 3 7 0 3 7 0 0    -0.574049
0 2 5 0 2 5 0 2 5 0 2 5 0 0    -1.860234
0 2 5 0 2 5 0 2 3 0 2 3 0 0    -2.958241
0 2 5 0 2 5 1 0 1 1 0 1 0 0    -1.173697
0 2 5 0 2 5 0 3 7 0 3 7 0 0    0.476618
0 2 3 0 2 3 0 2 3 0 2 3 0 0    -0.433874
0 2 3 0 2 3 1 0 1 1 0 1 0 0    -0.559448
0 2 3 0 2 3 0 3 7 0 3 7 0 0    1.852935
1 0 1 1 0 1 1 0 1 1 0 1 0 0    -2.433624
1 0 1 1 0 1 0 3 7 0 3 7 0 0    1.363515
0 3 7 0 3 7 0 3 7 0 3 7 0 0    -1.501618
0 1 3 0 1 3 0 1 3 0 1 3 0 2    -2.646078
0 1 3 0 1 3 0 1 3 0 1 1 0 2    3.870671
0 1 3 0 1 3 0 1 1 0 1 3 0 2    -3.868504
0 1 3 0 1 3 0 1 1 0 1 1 0 2    3.240122
0 1 3 0 1 3 0 2 5 0 2 5 0 2    1.865900
0 1 3 0 1 3 0 2 5 0 2 3 0 2    -1.696408
0 1 3 0 1 3 0 2 3 0 2 5 0 2    1.695458
0 1 3 0 1 3 0 2 3 0 2 3 0 2    -0.192277
0 1 3 0 1 3 0 2 3 1 0 1 0 2    0.420044
0 1 3 0 1 3 1 0 1 0 2 3 0 2    -0.428386
0 1 3 0 1 3 1 0 1 1 0 1 0 2    -0.143273
0 1 3 0 1 3 0 3 7 0 3 7 0 2    -0.772134
0 1 3 0 1 1 0 1 3 0 1 1 0 2    -3.192358
0 1 3 0 1 1 0 1 1 0 1 3 0 2    4.593325
0 1 3 0 1 1 0 1 1 0 1 1 0 2    1.755743
0 1 3 0 1 1 0 2 5 0 2 5 0 2    -0.945499
0 1 3 0 1 1 0 2 5 0 2 3 0 2    2.245069
0 1 3 0 1 1 0 2 3 0 2 5 0 2    -1.420035
0 1 3 0 1 1 0 2 3 0 2 3 0 2    -0.447978
0 1 3 0 1 1 0 2 3 1 0 1 0 2    -0.751116
0 1 3 0 1 1 1 0 1 0 2 3 0 2    1.051434
0 1 3 0 1 1 1 0 1 1 0 1 0 2    -0.600764
0 1 3 0 1 1 0 3 7 0 3 7 0 2    0.280399
0 1 1 0 1 3 0 1 1 0 1 3 0 2    -3.173444
0 1 1 0 1 3 0 1 1 0 1 1 0 2    -1.751072
0 1 1 0 1 3 0 2 5 0 2 5 0 2    0.942289
0 1 1 0 1 3 0 2 5 0 2 3 0 2    -1.418609
0 1 1 0 1 3 0 2 3 0 2 5 0 2    2.237693
0 1 1 0 1 3 0 2 3 0 2 3 0 2    0.458767
0 1 1 0 1 3 0 2 3 1 0 1 0 2    1.051324
0 1 1 0 1 3 1 0 1 0 2 3 0 2    -0.732830
0 1 1 0 1 3 1 0 1 1 0 1 0 2    0.591521
0 1 1 0 1 3 0 3 7 0 3 7 0 2    -0.281887
0 1 1 0 1 1 0 1 1 0 1 1 0 2    -4.927444
0 1 1 0 1 1 0 2 5 0 2 5 0 2    -0.984231
0 1 1 0 1 1 0 2 5 0 2 3 0 2    -0.245336
0 1 1 0 1 1 0 2 3 0 2 5 0 2    0.244125
0 1 1 0 1 1 0 2 3 0 2 3 0 2    0.333713
0 1 1 0 1 1 0 2 3 1 0 1 0 2    0.395312
0 1 1 0 1 1 1 0 1 0 2 3 0 2    -0.376145
0 1 1 0 1 1 1 0 1 1 0 1 0 2    0.970687
0 1 1 0 1 1 0 3 7 0 3 7 0 2    0.653261
0 2 5 0 2 5 0 2 5 0 2 5 0 2    -1.326227
0 2 5 0 2 5 0 2 5 0 2 3 0 2    2.010749
0 2 5 0 2 5 0 2 3 0 2 5 0 2    -2.012361
0 2 5 0 2 5 0 2 3 0 2 3 0 2    2.508851
0 2 5 0 2 5 0 2 3 1 0 1 0 2    0.567210
0 2 5 0 2 5 1 0 1 0 2 3 0 2    -0.566356
0 2 5 0 2 5 1 0 1 1 0 1 0 2    -1.018174
0 2 5 0 2 5 0 3 7 0 3 7 0 2    0.215571
0 2 5 0 2 3 0 2 5 0 2 3 0 2    -3.074979
0 2 5 0 2 3 0 2 3 0 2 5 0 2    2.557355
0 2 5 0 2 3 0 2 3 0 2 3 0 2    0.157000
0 2 5 0 2 3 0 2 3 1 0 1 0 2    0.924049
0 2 5 0 2 3 1 0 1 0 2 3 0 2    -0.968802
0 2 5 0 2 3 1 0 1 1 0 1 0 2    1.546146
0 2 5 0 2 3 0 3 7 0 3 7 0 2    -1.073841
0 2 3 0 2 5 0 2 3 0 2 5 0 2    -3.070459
0 2 3 0 2 5 0 2 3 0 2 3 0 2    -0.157817
0 2 3 0 2 5 0 2 3 1 0 1 0 2    -0.966407
0 2 3 0 2 5 1 0 1 0 2 3 0 2    0.922773
0 2 3 0 2 5 1 0 1 1 0 1 0 2    -1.543301
0 2 3 0 2 5 0 3 7 0 3 7 0 2    1.073905
0 2 3 0 2 3 0 2 3 0 2 3 0 2    -1.326419
0 2 3 0 2 3 0 2 3 1 0 1 0 2    -1.142671
0 2 3 0 2 3 1 0 1 0 2 3 0 2    1.142229
0 2 3 0 2 3 1 0 1 1 0 1 0 2    0.084187
0 2 3 0 2 3 0 3 7 0 3 7 0 2    -1.340764
0 2 3 1 0 1 0 2 3 1 0 1 0 2    -2.913869
0 2 3 1 0 1 1 0 1 0 2 3 0 2    3.052028
0 2 3 1 0 1 1 0 1 1 0 1 0 2    0.060745
0 2 3 1 0 1 0 3 7 0 3 7 0 2    -0.597841
1 0 1 0 2 3 1 0 1 0 2 3 0 2    -2.933089
1 0 1 0 2 3 1 0 1 1 0 1 0 2    -0.063116
1 0 1 0 2 3 0 3 7 0 3 7 0 2    0.596861
1 0 1 1 0 1 1 0 1 1 0 1 0 2    -4.374392
1 0 1 1 0 1 0 3 7 0 3 7 0 2    1.100828
0 3 7 0 3 7 0 3 7 0 3 7 0 2    -1.108286
0 1 3 0 1 3 0 1 3 0 1 3 0 4    -0.492446
0 1 3 0 1 3 0 1 3 0 1 1 0 4    -1.641048
0 1 3 0 1 3 0 1 3 0 3 7 0 4    0.515023
0 1 3 0 1 3 0 1 1 0 1 3 0 4    1.634533
0 1 3 0 1 3 0 2 5 0 2 5 0 4    1.660683
0 1 3 0 1 3 0 2 5 0 2 3 0 4    -0.407596
0 1 3 0 1 3 0 2 5 1 0 1 0 4    0.030025
0 1 3 0 1 3 0 2 3 0 2 5 0 4    0.404767
0 1 3 0 1 3 0 2 3 0 2 3 0 4    0.344379
0 1 3 0 1 3 0 2 3 1 0 1 0 4    0.180599
0 1 3 0 1 3 1 0 1 0 2 5 0 4    0.017473
0 1 3 0 1 3 1 0 1 0 2 3 0 4    -0.185640
0 1 3 0 1 3 0 3 7 0 1 3 0 4    0.507491
0 1 3 0 1 3 0 3 7 0 3 7 0 4    -0.826842
0 1 3 0 1 1 0 1 3 0 1 1 0 4    -4.601311
0 1 3 0 1 1 0 1 3 0 3 7 0 4    -0.160666
0 1 3 0 1 1 0 1 1 0 1 3 0 4    -3.012524
0 1 3 0 1 1 0 2 5 0 2 5 0 4    0.218162
0 1 3 0 1 1 0 2 5 0 2 3 0 4    1.531824
0 1 3 0 1 1 0 2 5 1 0 1 0 4    -0.940550
0 1 3 0 1 1 0 2 3 0 2 5 0 4    0.744968
0 1 3 0 1 1 0 2 3 0 2 3 0 4    0.576686
0 1 3 0 1 1 0 2 3 1 0 1 0 4    -0.134017
0 1 3 0 1 1 1 0 1 0 2 5 0 4    -0.111886
0 1 3 0 1 1 1 0 1 0 2 3 0 4    0.221535
0 1 3 0 1 1 0 3 7 0 1 3 0 4    2.083794
0 1 3 0 1 1 0 3 7 0 3 7 0 4    -0.093384
0 1 3 0 3 7 0 1 3 0 3 7 0 4    -1.444119
0 1 3 0 3 7 0 1 1 0 1 3 0 4    -1.816880
0 1 3 0 3 7 0 2 5 0 2 5 0 4    -0.715822
0 1 3 0 3 7 0 2 5 0 2 3 0 4    0.435050
0 1 3 0 3 7 0 2 5 1 0 1 0 4    -0.082398
0 1 3 0 3 7 0 2 3 0 2 5 0 4    2.090763
0 1 3 0 3 7 0 2 3 0 2 3 0 4    -0.740531
0 1 3 0 3 7 0 2 3 1 0 1 0 4    1.075791
0 1 3 0 3 7 1 0 1 0 2 5 0 4    -1.832414
0 1 3 0 3 7 1 0 1 0 2 3 0 4    0.112963
0 1 3 0 3 7 0 3 7 0 1 3 0 4    -0.002010
0 1 3 0 3 7 0 3 7 0 3 7 0 4    0.215249
0 1 1 0 1 3 0 1 1 0 1 3 0 4    -4.579074
0 1 1 0 1 3 0 2 5 0 2 5 0 4    -0.216662
0 1 1 0 1 3 0 2 5 0 2 3 0 4    0.743211
0 1 1 0 1 3 0 2 5 1 0 1 0 4    0.114796
0 1 1 0 1 3 0 2 3 0 2 5 0 4    1.519872
0 1 1 0 1 3 0 2 3 0 2 3 0 4    -0.573985
0 1 1 0 1 3 0 2 3 1 0 1 0 4    0.243084
0 1 1 0 1 3 1 0 1 0 2 5 0 4    0.969102
0 1 1 0 1 3 1 0 1 0 2 3 0 4    -0.140231
0 1 1 0 1 3 0 3 7 0 1 3 0 4    0.161330
0 1 1 0 1 3 0 3 7 0 3 7 0 4    0.090835
0 2 5 0 2 5 0 2 5 0 2 5 0 4    -1.020784
0 2 5 0 2 5 0 2 5 0 2 3 0 4    -0.068430
0 2 5 0 2 5 0 2 5 1 0 1 0 4    -0.518131
0 2 5 0 2 5 0 2 3 0 2 5 0 4    0.065488
0 2 5 0 2 5 0 2 3 0 2 3 0 4    -0.777239
0 2 5 0 2 5 0 2 3 1 0 1 0 4    0.634565
0 2 5 0 2 5 1 0 1 0 2 5 0 4    -0.516126
0 2 5 0 2 5 1 0 1 0 2 3 0 4    -0.634923
0 2 5 0 2 5 0 3 7 0 1 3 0 4    -0.692697
0 2 5 0 2 5 0 3 7 0 3 7 0 4    0.375494
0 2 5 0 2 3 0 2 5 0 2 3 0 4    -2.291349
0 2 5 0 2 3 0 2 5 1 0 1 0 4    -0.819775
0 2 5 0 2 3 0 2 3 0 2 5 0 4    -1.761689
0 2 5 0 2 3 0 2 3 0 2 3 0 4    -0.555491
0 2 5 0 2 3 0 2 3 1 0 1 0 4    -0.605860
0 2 5 0 2 3 1 0 1 0 2 5 0 4    0.669936
0 2 5 0 2 3 1 0 1 0 2 3 0 4    -1.430555
0 2 5 0 2 3 0 3 7 0 1 3 0 4    -2.188566
0 2 5 0 2 3 0 3 7 0 3 7 0 4    -0.002010
0 2 5 1 0 1 0 2 5 1 0 1 0 4    -1.075399
0 2 5 1 0 1 0 2 3 0 2 5 0 4    -0.740161
0 2 5 1 0 1 0 2 3 0 2 3 0 4    -0.535357
0 2 5 1 0 1 0 2 3 1 0 1 0 4    -0.839841
0 2 5 1 0 1 1 0 1 0 2 5 0 4    -0.380620
0 2 5 1 0 1 1 0 1 0 2 3 0 4    -2.503735
0 2 5 1 0 1 0 3 7 0 1 3 0 4    -1.954772
0 2 5 1 0 1 0 3 7 0 3 7 0 4    0.395624
0 2 3 0 2 5 0 2 3 0 2 5 0 4    -2.283948
0 2 3 0 2 5 0 2 3 0 2 3 0 4    0.556397
0 2 3 0 2 5 0 2 3 1 0 1 0 4    -1.432394
0 2 3 0 2 5 1 0 1 0 2 5 0 4    0.811516
0 2 3 0 2 5 1 0 1 0 2 3 0 4    -0.598015
0 2 3 0 2 5 0 3 7 0 1 3 0 4    -0.606359
0 2 3 0 2 5 0 3 7 0 3 7 0 4    0.003623
0 2 3 0 2 3 0 2 3 0 2 3 0 4    -0.127834
0 2 3 0 2 3 0 2 3 1 0 1 0 4    0.034924
0 2 3 0 2 3 1 0 1 0 2 5 0 4    -0.540434
0 2 3 0 2 3 1 0 1 0 2 3 0 4    -0.031535
0 2 3 0 2 3 0 3 7 0 1 3 0 4    -0.753562
0 2 3 0 2 3 0 3 7 0 3 7 0 4    0.252269
0 2 3 1 0 1 0 2 3 1 0 1 0 4    -1.361467
0 2 3 1 0 1 1 0 1 0 2 5 0 4    2.569814
0 2 3 1 0 1 1 0 1 0 2 3 0 4    -0.873202
0 2 3 1 0 1 0 3 7 0 1 3 0 4    -0.143110
0 2 3 1 0 1 0 3 7 0 3 7 0 4    -0.609385
1 0 1 0 2 5 1 0 1 0 2 5 0 4    -1.089597
1 0 1 0 2 5 1 0 1 0 2 3 0 4    0.837498
1 0 1 0 2 5 0 3 7 0 1 3 0 4    -0.061120
1 0 1 0 2 5 0 3 7 0 3 7 0 4    0.394150
1 0 1 0 2 3 1 0 1 0 2 3 0 4    -1.377297
1 0 1 0 2 3 0 3 7 0 1 3 0 4    -1.157255
1 0 1 0 2 3 0 3 7 0 3 7 0 4    0.610211
0 3 7 0 1 3 0 3 7 0 1 3 0 4    -1.421554
0 3 7 0 1 3 0 3 7 0 3 7 0 4    0.214364
0 3 7 0 3 7 0 3 7 0 3 7 0 4    -1.238147
0 1 3 0 1 3 0 1 3 0 1 3 0 6    -5.830939
0 1 3 0 1 3 0 1 3 0 3 7 0 6    1.042491
0 1 3 0 1 3 0 1 1 0 3 7 0 6    1.671652
0 1 3 0 1 3 0 2 5 0 2 5 0 6    1.197460
0 1 3 0 1 3 0 2 5 0 2 3 0 6    -1.252587
0 1 3 0 1 3 0 2 5 1 0 1 0 6    0.391123
0 1 3 0 1 3 0 2 3 0 2 5 0 6    1.255501
0 1 3 0 1 3 0 2 3 0 2 3 0 6    0.797444
0 1 3 0 1 3 1 0 1 0 2 5 0 6    0.369273
0 1 3 0 1 3 0 3 7 0 1 3 0 6    1.029432
0 1 3 0 1 3 0 3 7 0 1 1 0 6    -1.656484
0 1 3 0 1 3 0 3 7 0 3 7 0 6    -0.438687
0 1 3 0 3 7 0 1 3 0 3 7 0 6    -0.861160
0 1 3 0 3 7 0 1 1 0 3 7 0 6    -1.539735
0 1 3 0 3 7 0 2 5 0 2 5 0 6    -1.783958
0 1 3 0 3 7 0 2 5 0 2 3 0 6    0.612684
0 1 3 0 3 7 0 2 5 1 0 1 0 6    -0.849490
0 1 3 0 3 7 0 2 3 0 2 5 0 6    0.511787
0 1 3 0 3 7 0 2 3 0 2 3 0 6    0.100735
0 1 3 0 3 7 1 0 1 0 2 5 0 6    -1.452894
0 1 3 0 3 7 0 3 7 0 1 3 0 6    -0.343192
0 1 3 0 3 7 0 3 7 0 1 1 0 6    0.832209
0 1 3 0 3 7 0 3 7 0 3 7 0 6    0.648221
0 1 1 0 3 7 0 1 1 0 3 7 0 6    -2.030671
0 1 1 0 3 7 0 2 5 0 2 5 0 6    -1.106493
0 1 1 0 3 7 0 2 5 0 2 3 0 6    0.541745
0 1 1 0 3 7 0 2 5 1 0 1 0 6    -1.375527
0 1 1 0 3 7 0 2 3 0 2 5 0 6    -1.838447
0 1 1 0 3 7 0 2 3 0 2 3 0 6    -0.462140
0 1 1 0 3 7 1 0 1 0 2 5 0 6    -1.283469
0 1 1 0 3 7 0 3 7 0 1 3 0 6    -0.905887
0 1 1 0 3 7 0 3 7 0 1 1 0 6    1.289687
0 1 1 0 3 7 0 3 7 0 3 7 0 6    0.527808
0 2 5 0 2 5 0 2 5 0 2 5 0 6    -0.915288
0 2 5 0 2 5 0 2 5 0 2 3 0 6    1.306956
0 2 5 0 2 5 0 2 5 1 0 1 0 6    -1.236079
0 2 5 0 2 5 0 2 3 0 2 5 0 6    -1.307426
0 2 5 0 2 5 0 2 3 0 2 3 0 6    1.026312
0 2 5 0 2 5 1 0 1 0 2 5 0 6    -1.232986
0 2 5 0 2 5 0 3 7 0 1 3 0 6    -1.608971
0 2 5 0 2 5 0 3 7 0 1 1 0 6    0.911509
0 2 5 0 2 5 0 3 7 0 3 7 0 6    0.027070
0 2 5 0 2 3 0 2 5 0 2 3 0 6    -0.676979
0 2 5 0 2 3 0 2 5 1 0 1 0 6    0.478034
0 2 5 0 2 3 0 2 3 0 2 5 0 6    0.701522
0 2 5 0 2 3 0 2 3 0 2 3 0 6    1.728632
0 2 5 0 2 3 1 0 1 0 2 5 0 6    0.672939
0 2 5 0 2 3 0 3 7 0 1 3 0 6    -0.498669
0 2 5 0 2 3 0 3 7 0 1 1 0 6    -1.733831
0 2 5 0 2 3 0 3 7 0 3 7 0 6    -0.362572
0 2 5 1 0 1 0 2 5 1 0 1 0 6    -2.265060
0 2 5 1 0 1 0 2 3 0 2 5 0 6    -0.672557
0 2 5 1 0 1 0 2 3 0 2 3 0 6    0.373656
0 2 5 1 0 1 1 0 1 0 2 5 0 6    -2.516649
0 2 5 1 0 1 0 3 7 0 1 3 0 6    -1.457600
0 2 5 1 0 1 0 3 7 0 1 1 0 6    1.193138
0 2 5 1 0 1 0 3 7 0 3 7 0 6    0.837946
0 2 3 0 2 5 0 2 3 0 2 5 0 6    -0.674235
0 2 3 0 2 5 0 2 3 0 2 3 0 6    -1.720455
0 2 3 0 2 5 1 0 1 0 2 5 0 6    -0.474559
0 2 3 0 2 5 0 3 7 0 1 3 0 6    -0.591525
0 2 3 0 2 5 0 3 7 0 1 1 0 6    0.469105
0 2 3 0 2 5 0 3 7 0 3 7 0 6    0.361712
0 2 3 0 2 3 0 2 3 0 2 3 0 6    -4.306952
0 2 3 0 2 3 1 0 1 0 2 5 0 6    0.403763
0 2 3 0 2 3 0 3 7 0 1 3 0 6    0.071521
0 2 3 0 2 3 0 3 7 0 1 1 0 6    0.517659
0 2 3 0 2 3 0 3 7 0 3 7 0 6    -0.523601
1 0 1 0 2 5 1 0 1 0 2 5 0 6    -2.276550
1 0 1 0 2 5 0 3 7 0 1 3 0 6    -0.827879
1 0 1 0 2 5 0 3 7 0 1 1 0 6    1.242298
1 0 1 0 2 5 0 3 7 0 3 7 0 6    0.836949
0 3 7 0 1 3 0 3 7 0 1 3 0 6    -0.856712
0 3 7 0 1 3 0 3 7 0 1 1 0 6    1.516549
0 3 7 0 1 3 0 3 7 0 3 7 0 6    0.643259
0 3 7 0 1 1 0 3 7 0 1 1 0 6    -2.024381
0 3 7 0 1 1 0 3 7 0 3 7 0 6    -0.527041
0 3 7 0 3 7 0 3 7 0 3 7 0 6    -0.624684
0 1 3 0 3 7 0 1 3 0 3 7 0 8    -0.312912
0 1 3 0 3 7 0 1 1 0 3 7 0 8    0.440599
0 1 3 0 3 7 0 2 5 0 2 5 0 8    -2.136382
0 1 3 0 3 7 0 2 5 0 2 3 0 8    -0.104263
0 1 3 0 3 7 0 2 3 0 2 5 0 8    1.777458
0 1 3 0 3 7 0 3 7 0 1 3 0 8    0.151722
0 1 3 0 3 7 0 3 7 0 1 1 0 8    -0.420583
0 1 3 0 3 7 0 3 7 0 3 7 0 8    0.590633
0 1 1 0 3 7 0 1 1 0 3 7 0 8    -1.794473
0 1 1 0 3 7 0 2 5 0 2 5 0 8    0.202751
0 1 1 0 3 7 0 2 5 0 2 3 0 8    -0.623965
0 1 1 0 3 7 0 2 3 0 2 5 0 8    -4.142091
0 1 1 0 3 7 0 3 7 0 1 3 0 8    0.370805
0 1 1 0 3 7 0 3 7 0 1 1 0 8    -0.892061
0 1 1 0 3 7 0 3 7 0 3 7 0 8    -0.125101
0 2 5 0 2 5 0 2 5 0 2 5 0 8    -0.053021
0 2 5 0 2 5 0 2 5 0 2 3 0 8    -0.997615
0 2 5 0 2 5 0 2 3 0 2 5 0 8    0.991001
0 2 5 0 2 5 0 3 7 0 1 3 0 8    -2.013827
0 2 5 0 2 5 0 3 7 0 1 1 0 8    -0.135574
0 2 5 0 2 5 0 3 7 0 3 7 0 8    0.152659
0 2 5 0 2 3 0 2 5 0 2 3 0 8    -3.793872
0 2 5 0 2 3 0 2 3 0 2 5 0 8    -1.804255
0 2 5 0 2 3 0 3 7 0 1 3 0 8    -1.740541
0 2 5 0 2 3 0 3 7 0 1 1 0 8    -3.828731
0 2 5 0 2 3 0 3 7 0 3 7 0 8    0.489942
0 2 3 0 2 5 0 2 3 0 2 5 0 8    -3.777330
0 2 3 0 2 5 0 3 7 0 1 3 0 8    0.073827
0 2 3 0 2 5 0 3 7 0 1 1 0 8    -0.534257
0 2 3 0 2 5 0 3 7 0 3 7 0 8    -0.486722
0 3 7 0 1 3 0 3 7 0 1 3 0 8    -0.322719
0 3 7 0 1 3 0 3 7 0 1 1 0 8    -0.434980
0 3 7 0 1 3 0 3 7 0 3 7 0 8    0.584861
0 3 7 0 1 1 0 3 7 0 1 1 0 8    -1.794506
0 3 7 0 1 1 0 3 7 0 3 7 0 8    0.129356
0 3 7 0 3 7 0 3 7 0 3 7 0 8    -0.554509
0 1 3 0 3 7 0 1 3 0 3 7 0 10    -1.987779
0 1 3 0 3 7 0 2 5 0 2 5 0 10    -4.702468
0 1 3 0 3 7 0 3 7 0 1 3 0 10    -2.261785
0 1 3 0 3 7 0 3 7 0 3 7 0 10    1.128284
0 2 5 0 2 5 0 2 5 0 2 5 0 10    -3.592869
0 2 5 0 2 5 0 3 7 0 1 3 0 10    -4.190435
0 2 5 0 2 5 0 3 7 0 3 7 0 10    0.905195
0 3 7 0 1 3 0 3 7 0 1 3 0 10    -1.982237
0 3 7 0 1 3 0 3 7 0 3 7 0 10    1.121344
0 3 7 0 3 7 0 3 7 0 3 7 0 10    -1.035553
0 3 7 0 3 7 0 3 7 0 3 7 0 12    -0.533843
0 3 7 0 3 7 0 3 7 0 3 7 0 14    -4.328426
0 1 3 0 2 3 0 1 3 0 2 3 0 0    -3.967997
0 1 3 0 2 3 0 1 1 1 0 1 0 0    1.751121
0 1 3 0 2 3 0 2 3 0 1 3 0 0    4.382656
0 1 3 0 2 3 1 0 1 0 1 1 0 0    -2.844718
0 1 1 1 0 1 0 1 1 1 0 1 0 0    -2.288048
0 1 1 1 0 1 0 2 3 0 1 3 0 0    -3.086785
0 1 1 1 0 1 1 0 1 0 1 1 0 0    3.241180
0 2 3 0 1 3 0 2 3 0 1 3 0 0    -3.937024
0 2 3 0 1 3 1 0 1 0 1 1 0 0    1.731306
1 0 1 0 1 1 1 0 1 0 1 1 0 0    -2.329251
0 1 3 0 2 5 0 1 3 0 2 5 0 2    -1.743001
0 1 3 0 2 5 0 1 3 0 2 3 0 2    1.170599
0 1 3 0 2 5 0 1 3 1 0 1 0 2    -0.187769
0 1 3 0 2 5 0 1 1 0 2 3 0 2    -0.107266
0 1 3 0 2 5 0 1 1 1 0 1 0 2    1.113503
0 1 3 0 2 5 0 2 5 0 1 3 0 2    -0.617195
0 1 3 0 2 5 0 2 5 0 3 7 0 2    1.093829
0 1 3 0 2 5 0 2 3 0 1 3 0 2    2.906543
0 1 3 0 2 5 0 2 3 0 1 1 0 2    -3.126654
0 1 3 0 2 5 1 0 1 0 1 3 0 2    -1.701981
0 1 3 0 2 5 1 0 1 0 1 1 0 2    0.185274
0 1 3 0 2 5 0 3 7 0 2 5 0 2    0.262763
0 1 3 0 2 3 0 1 3 0 2 3 0 2    -2.515594
0 1 3 0 2 3 0 1 3 1 0 1 0 2    -0.529312
0 1 3 0 2 3 0 1 1 0 2 3 0 2    -0.715874
0 1 3 0 2 3 0 1 1 1 0 1 0 2    -0.539369
0 1 3 0 2 3 0 2 5 0 1 3 0 2    -3.153536
0 1 3 0 2 3 0 2 5 0 3 7 0 2    -0.662955
0 1 3 0 2 3 0 2 3 0 1 3 0 2    -2.822263
0 1 3 0 2 3 0 2 3 0 1 1 0 2    0.744516
0 1 3 0 2 3 1 0 1 0 1 3 0 2    1.051405
0 1 3 0 2 3 1 0 1 0 1 1 0 2    -2.095597
0 1 3 0 2 3 0 3 7 0 2 5 0 2    1.424553
0 1 3 1 0 1 0 1 3 1 0 1 0 2    -0.947191
0 1 3 1 0 1 0 1 1 0 2 3 0 2    -0.489497
0 1 3 1 0 1 0 1 1 1 0 1 0 2    -1.087741
0 1 3 1 0 1 0 2 5 0 1 3 0 2    -2.008273
0 1 3 1 0 1 0 2 5 0 3 7 0 2    0.177223
0 1 3 1 0 1 0 2 3 0 1 3 0 2    -1.029712
0 1 3 1 0 1 0 2 3 0 1 1 0 2    -0.171643
0 1 3 1 0 1 1 0 1 0 1 3 0 2    -0.794153
0 1 3 1 0 1 1 0 1 0 1 1 0 2    -3.256297
0 1 3 1 0 1 0 3 7 0 2 5 0 2    1.315801
0 1 1 0 2 3 0 1 1 0 2 3 0 2    -0.969933
0 1 1 0 2 3 0 1 1 1 0 1 0 2    -0.017046
0 1 1 0 2 3 0 2 5 0 1 3 0 2    -3.370921
0 1 1 0 2 3 0 2 5 0 3 7 0 2    0.301826
0 1 1 0 2 3 0 2 3 0 1 3 0 2    -0.731571
0 1 1 0 2 3 0 2 3 0 1 1 0 2    -0.027019
0 1 1 0 2 3 1 0 1 0 1 3 0 2    -0.126713
0 1 1 0 2 3 1 0 1 0 1 1 0 2    -0.476085
0 1 1 0 2 3 0 3 7 0 2 5 0 2    1.190611
0 1 1 1 0 1 0 1 1 1 0 1 0 2    -1.391599
0 1 1 1 0 1 0 2 5 0 1 3 0 2    -0.174124
0 1 1 1 0 1 0 2 5 0 3 7 0 2    -1.233752
0 1 1 1 0 1 0 2 3 0 1 3 0 2    -2.242317
0 1 1 1 0 1 0 2 3 0 1 1 0 2    0.456332
0 1 1 1 0 1 1 0 1 0 1 3 0 2    3.356368
0 1 1 1 0 1 1 0 1 0 1 1 0 2    -1.734071
0 1 1 1 0 1 0 3 7 0 2 5 0 2    0.195880
0 2 5 0 1 3 0 2 5 0 1 3 0 2    -1.720989
0 2 5 0 1 3 0 2 5 0 3 7 0 2    0.262534
0 2 5 0 1 3 0 2 3 0 1 3 0 2    -1.158651
0 2 5 0 1 3 0 2 3 0 1 1 0 2    -0.095965
0 2 5 0 1 3 1 0 1 0 1 3 0 2    -0.187042
0 2 5 0 1 3 1 0 1 0 1 1 0 2    -1.100026
0 2 5 0 1 3 0 3 7 0 2 5 0 2    1.061178
0 2 5 0 3 7 0 2 5 0 3 7 0 2    -1.610989
0 2 5 0 3 7 0 2 3 0 1 3 0 2    -1.139400
0 2 5 0 3 7 0 2 3 0 1 1 0 2    0.857149
0 2 5 0 3 7 1 0 1 0 1 3 0 2    1.070661
0 2 5 0 3 7 1 0 1 0 1 1 0 2    -0.145241
0 2 5 0 3 7 0 3 7 0 2 5 0 2    -0.329466
0 2 3 0 1 3 0 2 3 0 1 3 0 2    -2.482644
0 2 3 0 1 3 0 2 3 0 1 1 0 2    0.698463
0 2 3 0 1 3 1 0 1 0 1 3 0 2    0.520744
0 2 3 0 1 3 1 0 1 0 1 1 0 2    -0.529789
0 2 3 0 1 3 0 3 7 0 2 5 0 2    0.659238
0 2 3 0 1 1 0 2 3 0 1 1 0 2    -0.967206
0 2 3 0 1 1 1 0 1 0 1 3 0 2    -0.578237
0 2 3 0 1 1 1 0 1 0 1 1 0 2    0.012165
0 2 3 0 1 1 0 3 7 0 2 5 0 2    0.301017
1 0 1 0 1 3 1 0 1 0 1 3 0 2    -0.983939
1 0 1 0 1 3 1 0 1 0 1 1 0 2    1.085348
1 0 1 0 1 3 0 3 7 0 2 5 0 2    0.178498
1 0 1 0 1 1 1 0 1 0 1 1 0 2    -1.425606
1 0 1 0 1 1 0 3 7 0 2 5 0 2    1.234281
0 3 7 0 2 5 0 3 7 0 2 5 0 2    -1.603484
0 1 3 0 2 5 0 1 3 0 2 5 0 4    -1.377643
0 1 3 0 2 5 0 1 3 0 2 3 0 4    1.087553
0 1 3 0 2 5 0 1 3 1 0 1 0 4    -1.085876
0 1 3 0 2 5 0 1 1 0 2 5 0 4    -1.944021
0 1 3 0 2 5 0 1 1 0 2 3 0 4    0.698288
0 1 3 0 2 5 0 2 5 0 1 3 0 4    -1.540311
0 1 3 0 2 5 0 2 5 0 1 1 0 4    1.552261
0 1 3 0 2 5 0 2 5 0 3 7 0 4    0.873703
0 1 3 0 2 5 0 2 3 0 1 3 0 4    -0.118280
0 1 3 0 2 5 0 2 3 0 1 1 0 4    1.143784
0 1 3 0 2 5 0 2 3 0 3 7 0 4    1.368894
0 1 3 0 2 5 1 0 1 0 1 3 0 4    -1.324648
0 1 3 0 2 5 0 3 7 0 2 5 0 4    0.221532
0 1 3 0 2 5 0 3 7 0 2 3 0 4    -0.884618
0 1 3 0 2 3 0 1 3 0 2 3 0 4    -1.373847
0 1 3 0 2 3 0 1 3 1 0 1 0 4    0.226567
0 1 3 0 2 3 0 1 1 0 2 5 0 4    0.475962
0 1 3 0 2 3 0 1 1 0 2 3 0 4    1.047809
0 1 3 0 2 3 0 2 5 0 1 3 0 4    0.118700
0 1 3 0 2 3 0 2 5 0 1 1 0 4    -1.065305
0 1 3 0 2 3 0 2 5 0 3 7 0 4    -0.367689
0 1 3 0 2 3 0 2 3 0 1 3 0 4    1.604190
0 1 3 0 2 3 0 2 3 0 1 1 0 4    2.561699
0 1 3 0 2 3 0 2 3 0 3 7 0 4    -0.445425
0 1 3 0 2 3 1 0 1 0 1 3 0 4    0.328797
0 1 3 0 2 3 0 3 7 0 2 5 0 4    0.318255
0 1 3 0 2 3 0 3 7 0 2 3 0 4    0.698970
0 1 3 1 0 1 0 1 3 1 0 1 0 4    -2.552598
0 1 3 1 0 1 0 1 1 0 2 5 0 4    -1.561239
0 1 3 1 0 1 0 1 1 0 2 3 0 4    0.235014
0 1 3 1 0 1 0 2 5 0 1 3 0 4    -1.487415
0 1 3 1 0 1 0 2 5 0 1 1 0 4    0.615012
0 1 3 1 0 1 0 2 5 0 3 7 0 4    0.668917
0 1 3 1 0 1 0 2 3 0 1 3 0 4    -0.341192
0 1 3 1 0 1 0 2 3 0 1 1 0 4    0.482202
0 1 3 1 0 1 0 2 3 0 3 7 0 4    1.523978
0 1 3 1 0 1 1 0 1 0 1 3 0 4    -2.928472
0 1 3 1 0 1 0 3 7 0 2 5 0 4    0.916010
0 1 3 1 0 1 0 3 7 0 2 3 0 4    -1.019673
0 1 1 0 2 5 0 1 1 0 2 5 0 4    -2.639429
0 1 1 0 2 5 0 1 1 0 2 3 0 4    -0.487615
0 1 1 0 2 5 0 2 5 0 1 3 0 4    -1.672594
0 1 1 0 2 5 0 2 5 0 1 1 0 4    2.234493
0 1 1 0 2 5 0 2 5 0 3 7 0 4    0.767033
0 1 1 0 2 5 0 2 3 0 1 3 0 4    -1.014354
0 1 1 0 2 5 0 2 3 0 1 1 0 4    -0.922762
0 1 1 0 2 5 0 2 3 0 3 7 0 4    1.312383
0 1 1 0 2 5 1 0 1 0 1 3 0 4    -0.619936
0 1 1 0 2 5 0 3 7 0 2 5 0 4    0.449032
0 1 1 0 2 5 0 3 7 0 2 3 0 4    -0.910535
0 1 1 0 2 3 0 1 1 0 2 3 0 4    -1.936535
0 1 1 0 2 3 0 2 5 0 1 3 0 4    1.263916
0 1 1 0 2 3 0 2 5 0 1 1 0 4    0.959485
0 1 1 0 2 3 0 2 5 0 3 7 0 4    -0.698334
0 1 1 0 2 3 0 2 3 0 1 3 0 4    -2.546745
0 1 1 0 2 3 0 2 3 0 1 1 0 4    -4.277567
0 1 1 0 2 3 0 2 3 0 3 7 0 4    -0.086512
0 1 1 0 2 3 1 0 1 0 1 3 0 4    0.559004
0 1 1 0 2 3 0 3 7 0 2 5 0 4    -0.381289
0 1 1 0 2 3 0 3 7 0 2 3 0 4    -0.132112
0 2 5 0 1 3 0 2 5 0 1 3 0 4    -1.374100
0 2 5 0 1 3 0 2 5 0 1 1 0 4    1.927583
0 2 5 0 1 3 0 2 5 0 3 7 0 4    0.220589
0 2 5 0 1 3 0 2 3 0 1 3 0 4    -1.083715
0 2 5 0 1 3 0 2 3 0 1 1 0 4    0.690989
0 2 5 0 1 3 0 2 3 0 3 7 0 4    0.886279
0 2 5 0 1 3 1 0 1 0 1 3 0 4    -1.073043
0 2 5 0 1 3 0 3 7 0 2 5 0 4    0.845245
0 2 5 0 1 3 0 3 7 0 2 3 0 4    -1.360234
0 2 5 0 1 1 0 2 5 0 1 1 0 4    -2.647826
0 2 5 0 1 1 0 2 5 0 3 7 0 4    -0.450098
0 2 5 0 1 1 0 2 3 0 1 3 0 4    0.468030
0 2 5 0 1 1 0 2 3 0 1 1 0 4    0.489410
0 2 5 0 1 1 0 2 3 0 3 7 0 4    -0.915892
0 2 5 0 1 1 1 0 1 0 1 3 0 4    1.542862
0 2 5 0 1 1 0 3 7 0 2 5 0 4    -0.767159
0 2 5 0 1 1 0 3 7 0 2 3 0 4    1.292252
0 2 5 0 3 7 0 2 5 0 3 7 0 4    -1.154759
0 2 5 0 3 7 0 2 3 0 1 3 0 4    -0.279018
0 2 5 0 3 7 0 2 3 0 1 1 0 4    -0.257717
0 2 5 0 3 7 0 2 3 0 3 7 0 4    -1.355894
0 2 5 0 3 7 1 0 1 0 1 3 0 4    0.774329
0 2 5 0 3 7 0 3 7 0 2 5 0 4    -0.524414
0 2 5 0 3 7 0 3 7 0 2 3 0 4    1.001564
0 2 3 0 1 3 0 2 3 0 1 3 0 4    -1.373788
0 2 3 0 1 3 0 2 3 0 1 1 0 4    -1.034564
0 2 3 0 1 3 0 2 3 0 3 7 0 4    0.696176
0 2 3 0 1 3 1 0 1 0 1 3 0 4    -0.224700
0 2 3 0 1 3 0 3 7 0 2 5 0 4    0.365172
0 2 3 0 1 3 0 3 7 0 2 3 0 4    -0.444864
0 2 3 0 1 1 0 2 3 0 1 1 0 4    -1.931952
0 2 3 0 1 1 0 2 3 0 3 7 0 4    0.135972
0 2 3 0 1 1 1 0 1 0 1 3 0 4    0.292945
0 2 3 0 1 1 0 3 7 0 2 5 0 4    -0.694579
0 2 3 0 1 1 0 3 7 0 2 3 0 4    0.086755
0 2 3 0 3 7 0 2 3 0 3 7 0 4    -2.640211
0 2 3 0 3 7 1 0 1 0 1 3 0 4    1.077604
0 2 3 0 3 7 0 3 7 0 2 5 0 4    -1.116839
0 2 3 0 3 7 0 3 7 0 2 3 0 4    1.712066
1 0 1 0 1 3 1 0 1 0 1 3 0 4    -2.572716
1 0 1 0 1 3 0 3 7 0 2 5 0 4    0.664974
1 0 1 0 1 3 0 3 7 0 2 3 0 4    -1.519658
0 3 7 0 2 5 0 3 7 0 2 5 0 4    -1.149502
0 3 7 0 2 5 0 3 7 0 2 3 0 4    1.351970
0 3 7 0 2 3 0 3 7 0 2 3 0 4    -2.636344
0 1 3 0 2 5 0 1 3 0 2 5 0 6    -0.679986
0 1 3 0 2 5 0 1 3 0 2 3 0 6    -0.047746
0 1 3 0 2 5 0 1 1 0 2 5 0 6    0.181505
0 1 3 0 2 5 0 2 5 0 1 3 0 6    -1.413354
0 1 3 0 2 5 0 2 5 0 1 1 0 6    -0.943549
0 1 3 0 2 5 0 2 5 0 3 7 0 6    0.506882
0 1 3 0 2 5 0 2 3 0 1 3 0 6    2.783646
0 1 3 0 2 5 0 2 3 0 3 7 0 6    -0.168047
0 1 3 0 2 5 1 0 1 0 3 7 0 6    -0.066854
0 1 3 0 2 5 0 3 7 0 2 5 0 6    0.705554
0 1 3 0 2 5 0 3 7 0 2 3 0 6    -0.286005
0 1 3 0 2 5 0 3 7 1 0 1 0 6    0.212567
0 1 3 0 2 3 0 1 3 0 2 3 0 6    -1.820688
0 1 3 0 2 3 0 1 1 0 2 5 0 6    -1.079142
0 1 3 0 2 3 0 2 5 0 1 3 0 6    -2.962718
0 1 3 0 2 3 0 2 5 0 1 1 0 6    -5.139749
0 1 3 0 2 3 0 2 5 0 3 7 0 6    0.276815
0 1 3 0 2 3 0 2 3 0 1 3 0 6    -1.825341
0 1 3 0 2 3 0 2 3 0 3 7 0 6    0.782071
0 1 3 0 2 3 1 0 1 0 3 7 0 6    -0.127401
0 1 3 0 2 3 0 3 7 0 2 5 0 6    0.879115
0 1 3 0 2 3 0 3 7 0 2 3 0 6    1.267134
0 1 3 0 2 3 0 3 7 1 0 1 0 6    0.593256
0 1 1 0 2 5 0 1 1 0 2 5 0 6    -2.117699
0 1 1 0 2 5 0 2 5 0 1 3 0 6    0.898933
0 1 1 0 2 5 0 2 5 0 1 1 0 6    -1.294436
0 1 1 0 2 5 0 2 5 0 3 7 0 6    -0.486200
0 1 1 0 2 5 0 2 3 0 1 3 0 6    -5.145276
0 1 1 0 2 5 0 2 3 0 3 7 0 6    1.242342
0 1 1 0 2 5 1 0 1 0 3 7 0 6    0.621287
0 1 1 0 2 5 0 3 7 0 2 5 0 6    0.000082
0 1 1 0 2 5 0 3 7 0 2 3 0 6    0.534013
0 1 1 0 2 5 0 3 7 1 0 1 0 6    0.039451
0 2 5 0 1 3 0 2 5 0 1 3 0 6    -0.687536
0 2 5 0 1 3 0 2 5 0 1 1 0 6    -0.172180
0 2 5 0 1 3 0 2 5 0 3 7 0 6    0.705115
0 2 5 0 1 3 0 2 3 0 1 3 0 6    0.042436
0 2 5 0 1 3 0 2 3 0 3 7 0 6    0.284164
0 2 5 0 1 3 1 0 1 0 3 7 0 6    0.212202
0 2 5 0 1 3 0 3 7 0 2 5 0 6    0.486100
0 2 5 0 1 3 0 3 7 0 2 3 0 6    0.175377
0 2 5 0 1 3 0 3 7 1 0 1 0 6    -0.057391
0 2 5 0 1 1 0 2 5 0 1 1 0 6    -2.114621
0 2 5 0 1 1 0 2 5 0 3 7 0 6    0.003325
0 2 5 0 1 1 0 2 3 0 1 3 0 6    -1.088074
0 2 5 0 1 1 0 2 3 0 3 7 0 6    0.533020
0 2 5 0 1 1 1 0 1 0 3 7 0 6    -0.037356
0 2 5 0 1 1 0 3 7 0 2 5 0 6    0.484900
0 2 5 0 1 1 0 3 7 0 2 3 0 6    1.232311
0 2 5 0 1 1 0 3 7 1 0 1 0 6    -0.591291
0 2 5 0 3 7 0 2 5 0 3 7 0 6    -0.586850
0 2 5 0 3 7 0 2 3 0 1 3 0 6    -0.672209
0 2 5 0 3 7 0 2 3 0 3 7 0 6    0.078980
0 2 5 0 3 7 1 0 1 0 3 7 0 6    -0.676822
0 2 5 0 3 7 0 3 7 0 2 5 0 6    -1.202141
0 2 5 0 3 7 0 3 7 0 2 3 0 6    -0.078941
0 2 5 0 3 7 0 3 7 1 0 1 0 6    -0.201042
0 2 3 0 1 3 0 2 3 0 1 3 0 6    -1.811511
0 2 3 0 1 3 0 2 3 0 3 7 0 6    1.259723
0 2 3 0 1 3 1 0 1 0 3 7 0 6    -0.590866
0 2 3 0 1 3 0 3 7 0 2 5 0 6    -0.276233
0 2 3 0 1 3 0 3 7 0 2 3 0 6    0.782041
0 2 3 0 1 3 0 3 7 1 0 1 0 6    0.128460
0 2 3 0 3 7 0 2 3 0 3 7 0 6    -1.836364
0 2 3 0 3 7 1 0 1 0 3 7 0 6    1.119854
0 2 3 0 3 7 0 3 7 0 2 5 0 6    0.058827
0 2 3 0 3 7 0 3 7 0 2 3 0 6    -1.077553
0 2 3 0 3 7 0 3 7 1 0 1 0 6    -0.509223
1 0 1 0 3 7 1 0 1 0 3 7 0 6    -1.211406
1 0 1 0 3 7 0 3 7 0 2 5 0 6    -0.227746
1 0 1 0 3 7 0 3 7 0 2 3 0 6    0.523912
1 0 1 0 3 7 0 3 7 1 0 1 0 6    -0.177437
0 3 7 0 2 5 0 3 7 0 2 5 0 6    -0.584779
0 3 7 0 2 5 0 3 7 0 2 3 0 6    -0.080724
0 3 7 0 2 5 0 3 7 1 0 1 0 6    -0.675630
0 3 7 0 2 3 0 3 7 0 2 3 0 6    -1.834861
0 3 7 0 2 3 0 3 7 1 0 1 0 6    -1.122590
0 3 7 1 0 1 0 3 7 1 0 1 0 6    -1.201896
0 1 3 0 2 5 0 1 3 0 2 5 0 8    -2.500401
0 1 3 0 2 5 0 2 5 0 1 3 0 8    -5.955792
0 1 3 0 2 5 0 2 5 0 3 7 0 8    0.980125
0 1 3 0 2 5 0 2 3 0 3 7 0 8    1.164430
0 1 3 0 2 5 1 0 1 0 3 7 0 8    0.225835
0 1 3 0 2 5 0 3 7 0 2 5 0 8    1.006749
0 1 3 0 2 5 0 3 7 0 2 3 0 8    -1.145853
0 1 3 0 2 5 0 3 7 1 0 1 0 8    1.298867
0 2 5 0 1 3 0 2 5 0 1 3 0 8    -2.489774
0 2 5 0 1 3 0 2 5 0 3 7 0 8    1.004388
0 2 5 0 1 3 0 2 3 0 3 7 0 8    1.147657
0 2 5 0 1 3 1 0 1 0 3 7 0 8    1.296353
0 2 5 0 1 3 0 3 7 0 2 5 0 8    0.961784
0 2 5 0 1 3 0 3 7 0 2 3 0 8    -1.151516
0 2 5 0 1 3 0 3 7 1 0 1 0 8    0.244811
0 2 5 0 3 7 0 2 5 0 3 7 0 8    -0.716325
0 2 5 0 3 7 0 2 3 0 3 7 0 8    -0.715188
0 2 5 0 3 7 1 0 1 0 3 7 0 8    -1.255460
0 2 5 0 3 7 0 3 7 0 2 5 0 8    -1.964290
0 2 5 0 3 7 0 3 7 0 2 3 0 8    0.924030
0 2 5 0 3 7 0 3 7 1 0 1 0 8    -0.953244
0 2 3 0 3 7 0 2 3 0 3 7 0 8    -1.052886
0 2 3 0 3 7 1 0 1 0 3 7 0 8    -0.707134
0 2 3 0 3 7 0 3 7 0 2 5 0 8    -0.968478
0 2 3 0 3 7 0 3 7 0 2 3 0 8    0.579974
0 2 3 0 3 7 0 3 7 1 0 1 0 8    -0.742203
1 0 1 0 3 7 1 0 1 0 3 7 0 8    -2.009847
1 0 1 0 3 7 0 3 7 0 2 5 0 8    -1.034634
1 0 1 0 3 7 0 3 7 0 2 3 0 8    0.771367
1 0 1 0 3 7 0 3 7 1 0 1 0 8    -2.155499
0 3 7 0 2 5 0 3 7 0 2 5 0 8    -0.714490
0 3 7 0 2 5 0 3 7 0 2 3 0 8    0.712954
0 3 7 0 2 5 0 3 7 1 0 1 0 8    -1.252464
0 3 7 0 2 3 0 3 7 0 2 3 0 8    -1.053242
0 3 7 0 2 3 0 3 7 1 0 1 0 8    0.710044
0 3 7 1 0 1 0 3 7 1 0 1 0 8    -2.000408
0 2 5 0 3 7 0 2 5 0 3 7 0 10    -0.455829
0 2 5 0 3 7 0 2 3 0 3 7 0 10    0.808082
0 2 5 0 3 7 0 3 7 0 2 5 0 10    -1.932293
0 2 5 0 3 7 0 3 7 0 2 3 0 10    -0.555914
0 2 3 0 3 7 0 2 3 0 3 7 0 10    -3.695339
0 2 3 0 3 7 0 3 7 0 2 5 0 10    0.562998
0 2 3 0 3 7 0 3 7 0 2 3 0 10    -1.189080
0 3 7 0 2 5 0 3 7 0 2 5 0 10    -0.454448
0 3 7 0 2 5 0 3 7 0 2 3 0 10    -0.805999
0 3 7 0 2 3 0 3 7 0 2 3 0 10    -3.691354
0 2 5 0 3 7 0 2 5 0 3 7 0 12    -3.043315
0 2 5 0 3 7 0 3 7 0 2 5 0 12    -5.338050
0 3 7 0 2 5 0 3 7 0 2 5 0 12    -3.025910
