0.001     7.4452e+09
0.002     4.69018e+09
0.003     3.57928e+09
0.004     2.95463e+09
0.005     2.54622e+09
0.006     2.2548e+09
0.007     2.03459e+09
0.008     1.8613e+09
0.009     1.72074e+09
0.01     1.60402e+09
0.011     1.50527e+09
0.012     1.42044e+09
0.013     1.34663e+09
0.014     1.28171e+09
0.015     1.2241e+09
0.016     1.17254e+09
0.017     1.1261e+09
0.018     1.084e+09
0.019     1.04562e+09
0.02     1.01047e+09
0.021     9.7813e+08
0.022     9.4826e+08
0.023     9.20571e+08
0.024     8.94819e+08
0.025     8.70795e+08
0.026     8.48321e+08
0.027     8.27244e+08
0.028     8.07428e+08
0.029     7.88758e+08
0.03     7.71131e+08
0.031     7.54458e+08
0.032     7.38657e+08
0.033     7.23658e+08
0.034     7.09398e+08
0.035     6.95821e+08
0.036     6.82875e+08
0.037     6.70514e+08
0.038     6.58699e+08
0.039     6.4739e+08
0.04     6.36555e+08
0.041     6.26162e+08
0.042     6.16183e+08
0.043     6.06592e+08
0.044     5.97366e+08
0.045     5.88483e+08
0.046     5.79923e+08
0.047     5.71668e+08
0.048     5.637e+08
0.049     5.56005e+08
0.05     5.48566e+08
0.051     5.41372e+08
0.052     5.34409e+08
0.053     5.27665e+08
0.054     5.21131e+08
0.055     5.14795e+08
0.056     5.08648e+08
0.057     5.02681e+08
0.058     4.96887e+08
0.059     4.91256e+08
0.06     4.85782e+08
0.061     4.80459e+08
0.062     4.75278e+08
0.063     4.70236e+08
0.064     4.65324e+08
0.065     4.6054e+08
0.066     4.55876e+08
0.067     4.51328e+08
0.068     4.46893e+08
0.069     4.42564e+08
0.07     4.38339e+08
0.071     4.34214e+08
0.072     4.30184e+08
0.073     4.26246e+08
0.074     4.22398e+08
0.075     4.18634e+08
0.076     4.14954e+08
0.077     4.11354e+08
0.078     4.0783e+08
0.079     4.04381e+08
0.08     4.01004e+08
0.081     3.97697e+08
0.082     3.94457e+08
0.083     3.91282e+08
0.084     3.88171e+08
0.085     3.8512e+08
0.086     3.82129e+08
0.087     3.79195e+08
0.088     3.76317e+08
0.089     3.73493e+08
0.09     3.70721e+08
0.091     3.68e+08
0.092     3.65329e+08
0.093     3.62705e+08
0.094     3.60128e+08
0.095     3.57597e+08
0.096     3.55109e+08
0.097     3.52664e+08
0.098     3.50261e+08
0.099     3.47898e+08
