1                 3.8500000000000   0.0800000000000   -14.4775540284865 
2                 4.1930003507845   0.7686462637483   -13.9418564004035 
3                 3.9400228587103   0.2607400638542   -14.4425932883850 
4                 3.8836284110656   0.1475161981121   -14.4901279334277 
5                 3.9826281295406   0.1039459100940   -14.5030738603960 
6                 3.9882119459087   0.0886014703886   -14.4999522038397 
7                 3.9835785539880   0.1013341245935   -14.5006915203351 
8                 3.9827231719854   0.1036847315440   -14.5025697362741 
9                 3.9826376337851   0.1039197922390   -14.5010645586274 
10                3.9826290799651   0.1039432983085   -14.5021497146364 
11                3.9826282245831   0.1039456489155   -14.4995095221069 
12                3.9826281390449   0.1039458839762   -14.5003264714235 
13                3.9826281304910   0.1039459074823   -14.5046659171757 
14                3.9738755401226   0.1060908628464   -14.5004532295405 
15                3.9817528714542   0.1041604030187   -14.5025665265387 
16                3.9825406045874   0.1039673570359   -14.4988397202404 
17                3.9826193779007   0.1039480524376   -14.5003631868587 
18                3.9826272552320   0.1039461219778   -14.5033881828900 
19                3.9826280429651   0.1039459289318   -14.5010934913295 
20                3.9826281217384   0.1039459096272   -14.5023462986794 
21                3.9826281296158   0.1039459076967   -14.5034420665939 

%time: 2362.8800000000001
%Variational parameter alpha: 3.9826281304910
%Variational parameter beta: 0.1039459074823
%Minimal energy                           : -14.5034420665939
%Number of iterations  : 21
