0   1   0   1            2.50000000000
0   1   0   3           0.357420133678
0   1   0   5           0.175837797984
0   1   0   7           0.110427438152
0   2   0   2           0.751714677641
0   2   0   4           0.157214233658
0   2   0   6          0.0863264926249
0   3   0   1           0.357420133678
0   3   0   3           0.839506172840
0   3   0   5           0.202105907651
0   3   0   7           0.114862774271
0   4   0   2           0.157214233658
0   4   0   4           0.374877929688
0   4   0   6           0.100664752006
0   5   0   1           0.175837797984
0   5   0   3           0.202105907651
0   5   0   5           0.397949218750
0   5   0   7           0.115354747365
0   6   0   2          0.0863264926249
0   6   0   4           0.100664752006
0   6   0   6           0.221174579200
0   7   0   1           0.110427438152
0   7   0   3           0.114862774271
0   7   0   5           0.115354747365
0   7   0   7           0.230533120000
0   1   1   0           -2.50000000000
0   1   1   2          -0.357420133678
0   1   1   4          -0.175837797984
0   1   1   6          -0.110427438152
0   3   1   0          -0.357420133678
0   3   1   2         -0.0877914951989
0   3   1   4         -0.0448916739932
0   3   1   6         -0.0285362816461
0   5   1   0          -0.175837797984
0   5   1   2         -0.0448916739932
0   5   1   4         -0.0230712890625
0   5   1   6         -0.0146899953594
0   7   1   0          -0.110427438152
0   7   1   2         -0.0285362816461
0   7   1   4         -0.0146899953594
0   7   1   6        -0.00935854080000
0   1   2   1           0.357420133678
0   1   2   3          0.0877914951989
0   1   2   5          0.0448916739932
0   1   2   7          0.0285362816461
0   2   2   0          -0.751714677641
0   2   2   4         0.00242758379910
0   2   2   6         0.00196301234153
0   3   2   1          0.0877914951989
0   3   2   3          0.0343266296384
0   3   2   5          0.0181713875018
0   3   2   7          0.0116720311093
0   4   2   0          -0.157214233658
0   4   2   4         0.00127925737519
0   4   2   6         0.00104713266624
0   5   2   1          0.0448916739932
0   5   2   3          0.0181713875018
0   5   2   5         0.00971541271371
0   5   2   7         0.00626052624887
0   6   2   0         -0.0863264926249
0   6   2   4        0.000818072395500
0   6   2   6        0.000672151696080
0   7   2   1          0.0285362816461
0   7   2   3          0.0116720311093
0   7   2   5         0.00626052624887
0   7   2   7         0.00403850478034
0   1   3   0          -0.357420133678
0   1   3   2         -0.0877914951989
0   1   3   4         -0.0448916739932
0   1   3   6         -0.0285362816461
0   3   3   0          -0.839506172840
0   3   3   2         -0.0343266296384
0   3   3   4         -0.0157438037027
0   3   3   6        -0.00970901876777
0   5   3   0          -0.202105907651
0   5   3   2         -0.0181713875018
0   5   3   4        -0.00843615533852
0   5   3   6        -0.00521339358263
0   7   3   0          -0.114862774271
0   7   3   2         -0.0116720311093
0   7   3   4        -0.00544245385337
0   7   3   6        -0.00336635308426
0   1   4   1           0.175837797984
0   1   4   3          0.0448916739932
0   1   4   5          0.0230712890625
0   1   4   7          0.0146899953594
0   2   4   0          -0.157214233658
0   2   4   2        -0.00242758379910
0   2   4   6        0.000229060270740
0   3   4   1          0.0448916739932
0   3   4   3          0.0157438037027
0   3   4   5         0.00843615533852
0   3   4   7         0.00544245385337
0   4   4   0          -0.374877929688
0   4   4   2        -0.00127925737519
0   4   4   6        0.000122455755350
0   5   4   1          0.0230712890625
0   5   4   3         0.00843615533852
0   5   4   5         0.00452452771541
0   5   4   7         0.00292126286956
0   6   4   0          -0.100664752006
0   6   4   2       -0.000818072395500
0   6   4   6        7.88462158000E-05
0   7   4   1          0.0146899953594
0   7   4   3         0.00544245385337
0   7   4   5         0.00292126286956
0   7   4   7         0.00188673169840
0   1   5   0          -0.175837797984
0   1   5   2         -0.0448916739932
0   1   5   4         -0.0230712890625
0   1   5   6         -0.0146899953594
0   3   5   0          -0.202105907651
0   3   5   2         -0.0181713875018
0   3   5   4        -0.00843615533852
0   3   5   6        -0.00521339358263
0   5   5   0          -0.397949218750
0   5   5   2        -0.00971541271371
0   5   5   4        -0.00452452771541
0   5   5   6        -0.00279880711421
0   7   5   0          -0.115354747365
0   7   5   2        -0.00626052624887
0   7   5   4        -0.00292126286956
0   7   5   6        -0.00180788548260
0   1   6   1           0.110427438152
0   1   6   3          0.0285362816461
0   1   6   5          0.0146899953594
0   1   6   7         0.00935854080000
0   2   6   0         -0.0863264926249
0   2   6   2        -0.00196301234153
0   2   6   4       -0.000229060270740
0   3   6   1          0.0285362816461
0   3   6   3         0.00970901876777
0   3   6   5         0.00521339358263
0   3   6   7         0.00336635308426
0   4   6   0          -0.100664752006
0   4   6   2        -0.00104713266624
0   4   6   4       -0.000122455755350
0   5   6   1          0.0146899953594
0   5   6   3         0.00521339358263
0   5   6   5         0.00279880711421
0   5   6   7         0.00180788548260
0   6   6   0          -0.221174579200
0   6   6   2       -0.000672151696080
0   6   6   4       -7.88462158000E-05
0   7   6   1         0.00935854080000
0   7   6   3         0.00336635308426
0   7   6   5         0.00180788548260
0   7   6   7         0.00116802643408
0   1   7   0          -0.110427438152
0   1   7   2         -0.0285362816461
0   1   7   4         -0.0146899953594
0   1   7   6        -0.00935854080000
0   3   7   0          -0.114862774271
0   3   7   2         -0.0116720311093
0   3   7   4        -0.00544245385337
0   3   7   6        -0.00336635308426
0   5   7   0          -0.115354747365
0   5   7   2        -0.00626052624887
0   5   7   4        -0.00292126286956
0   5   7   6        -0.00180788548260
0   7   7   0          -0.230533120000
0   7   7   2        -0.00403850478034
0   7   7   4        -0.00188673169840
0   7   7   6        -0.00116802643408
1   0   0   1           -2.50000000000
1   0   0   3          -0.357420133678
1   0   0   5          -0.175837797984
1   0   0   7          -0.110427438152
1   2   0   1          -0.357420133678
1   2   0   3         -0.0877914951989
1   2   0   5         -0.0448916739932
1   2   0   7         -0.0285362816461
1   4   0   1          -0.175837797984
1   4   0   3         -0.0448916739932
1   4   0   5         -0.0230712890625
1   4   0   7         -0.0146899953594
1   6   0   1          -0.110427438152
1   6   0   3         -0.0285362816461
1   6   0   5         -0.0146899953594
1   6   0   7        -0.00935854080000
1   0   1   0            2.50000000000
1   0   1   2           0.357420133678
1   0   1   4           0.175837797984
1   0   1   6           0.110427438152
1   2   1   0           0.357420133678
1   2   1   2           0.839506172840
1   2   1   4           0.202105907651
1   2   1   6           0.114862774271
1   3   1   3           0.751714677641
1   3   1   5           0.157214233658
1   3   1   7          0.0863264926249
1   4   1   0           0.175837797984
1   4   1   2           0.202105907651
1   4   1   4           0.397949218750
1   4   1   6           0.115354747365
1   5   1   3           0.157214233658
1   5   1   5           0.374877929688
1   5   1   7           0.100664752006
1   6   1   0           0.110427438152
1   6   1   2           0.114862774271
1   6   1   4           0.115354747365
1   6   1   6           0.230533120000
1   7   1   3          0.0863264926249
1   7   1   5           0.100664752006
1   7   1   7           0.221174579200
1   0   2   1          -0.357420133678
1   0   2   3         -0.0877914951989
1   0   2   5         -0.0448916739932
1   0   2   7         -0.0285362816461
1   2   2   1          -0.839506172840
1   2   2   3         -0.0343266296384
1   2   2   5         -0.0157438037027
1   2   2   7        -0.00970901876777
1   4   2   1          -0.202105907651
1   4   2   3         -0.0181713875018
1   4   2   5        -0.00843615533852
1   4   2   7        -0.00521339358263
1   6   2   1          -0.114862774271
1   6   2   3         -0.0116720311093
1   6   2   5        -0.00544245385337
1   6   2   7        -0.00336635308426
1   0   3   0           0.357420133678
1   0   3   2          0.0877914951989
1   0   3   4          0.0448916739932
1   0   3   6          0.0285362816461
1   2   3   0          0.0877914951989
1   2   3   2          0.0343266296384
1   2   3   4          0.0181713875018
1   2   3   6          0.0116720311093
1   3   3   1          -0.751714677641
1   3   3   5         0.00242758379910
1   3   3   7         0.00196301234153
1   4   3   0          0.0448916739932
1   4   3   2          0.0181713875018
1   4   3   4         0.00971541271371
1   4   3   6         0.00626052624887
1   5   3   1          -0.157214233658
1   5   3   5         0.00127925737519
1   5   3   7         0.00104713266624
1   6   3   0          0.0285362816461
1   6   3   2          0.0116720311093
1   6   3   4         0.00626052624887
1   6   3   6         0.00403850478034
1   7   3   1         -0.0863264926249
1   7   3   5        0.000818072395500
1   7   3   7        0.000672151696080
1   0   4   1          -0.175837797984
1   0   4   3         -0.0448916739932
1   0   4   5         -0.0230712890625
1   0   4   7         -0.0146899953594
1   2   4   1          -0.202105907651
1   2   4   3         -0.0181713875018
1   2   4   5        -0.00843615533852
1   2   4   7        -0.00521339358263
1   4   4   1          -0.397949218750
1   4   4   3        -0.00971541271371
1   4   4   5        -0.00452452771541
1   4   4   7        -0.00279880711421
1   6   4   1          -0.115354747365
1   6   4   3        -0.00626052624887
1   6   4   5        -0.00292126286956
1   6   4   7        -0.00180788548260
1   0   5   0           0.175837797984
1   0   5   2          0.0448916739932
1   0   5   4          0.0230712890625
1   0   5   6          0.0146899953594
1   2   5   0          0.0448916739932
1   2   5   2          0.0157438037027
1   2   5   4         0.00843615533852
1   2   5   6         0.00544245385337
1   3   5   1          -0.157214233658
1   3   5   3        -0.00242758379910
1   3   5   7        0.000229060270740
1   4   5   0          0.0230712890625
1   4   5   2         0.00843615533852
1   4   5   4         0.00452452771541
1   4   5   6         0.00292126286956
1   5   5   1          -0.374877929688
1   5   5   3        -0.00127925737519
1   5   5   7        0.000122455755350
1   6   5   0          0.0146899953594
1   6   5   2         0.00544245385337
1   6   5   4         0.00292126286956
1   6   5   6         0.00188673169840
1   7   5   1          -0.100664752006
1   7   5   3       -0.000818072395500
1   7   5   7        7.88462158000E-05
1   0   6   1          -0.110427438152
1   0   6   3         -0.0285362816461
1   0   6   5         -0.0146899953594
1   0   6   7        -0.00935854080000
1   2   6   1          -0.114862774271
1   2   6   3         -0.0116720311093
1   2   6   5        -0.00544245385337
1   2   6   7        -0.00336635308426
1   4   6   1          -0.115354747365
1   4   6   3        -0.00626052624887
1   4   6   5        -0.00292126286956
1   4   6   7        -0.00180788548260
1   6   6   1          -0.230533120000
1   6   6   3        -0.00403850478034
1   6   6   5        -0.00188673169840
1   6   6   7        -0.00116802643408
1   0   7   0           0.110427438152
1   0   7   2          0.0285362816461
1   0   7   4          0.0146899953594
1   0   7   6         0.00935854080000
1   2   7   0          0.0285362816461
1   2   7   2         0.00970901876777
1   2   7   4         0.00521339358263
1   2   7   6         0.00336635308426
1   3   7   1         -0.0863264926249
1   3   7   3        -0.00196301234153
1   3   7   5       -0.000229060270740
1   4   7   0          0.0146899953594
1   4   7   2         0.00521339358263
1   4   7   4         0.00279880711421
1   4   7   6         0.00180788548260
1   5   7   1          -0.100664752006
1   5   7   3        -0.00104713266624
1   5   7   5       -0.000122455755350
1   6   7   0         0.00935854080000
1   6   7   2         0.00336635308426
1   6   7   4         0.00180788548260
1   6   7   6         0.00116802643408
1   7   7   1          -0.221174579200
1   7   7   3       -0.000672151696080
1   7   7   5       -7.88462158000E-05
2   0   0   2          -0.751714677641
2   0   0   4          -0.157214233658
2   0   0   6         -0.0863264926249
2   1   0   1           0.357420133678
2   1   0   3          0.0877914951989
2   1   0   5          0.0448916739932
2   1   0   7          0.0285362816461
2   3   0   1          0.0877914951989
2   3   0   3          0.0343266296384
2   3   0   5          0.0181713875018
2   3   0   7          0.0116720311093
2   4   0   2         0.00242758379910
2   4   0   4         0.00127925737519
2   4   0   6        0.000818072395500
2   5   0   1          0.0448916739932
2   5   0   3          0.0181713875018
2   5   0   5         0.00971541271371
2   5   0   7         0.00626052624887
2   6   0   2         0.00196301234153
2   6   0   4         0.00104713266624
2   6   0   6        0.000672151696080
2   7   0   1          0.0285362816461
2   7   0   3          0.0116720311093
2   7   0   5         0.00626052624887
2   7   0   7         0.00403850478034
2   1   1   0          -0.357420133678
2   1   1   2          -0.839506172840
2   1   1   4          -0.202105907651
2   1   1   6          -0.114862774271
2   3   1   0         -0.0877914951989
2   3   1   2         -0.0343266296384
2   3   1   4         -0.0181713875018
2   3   1   6         -0.0116720311093
2   5   1   0         -0.0448916739932
2   5   1   2         -0.0157438037027
2   5   1   4        -0.00843615533852
2   5   1   6        -0.00544245385337
2   7   1   0         -0.0285362816461
2   7   1   2        -0.00970901876777
2   7   1   4        -0.00521339358263
2   7   1   6        -0.00336635308426
2   0   2   0           0.751714677641
2   0   2   4        -0.00242758379910
2   0   2   6        -0.00196301234153
2   1   2   1           0.839506172840
2   1   2   3          0.0343266296384
2   1   2   5          0.0157438037027
2   1   2   7         0.00970901876777
2   3   2   1          0.0343266296384
2   3   2   3           0.601562500000
2   3   2   5          0.0858682256445
2   3   2   7          0.0422164524592
2   4   2   0        -0.00242758379910
2   4   2   4           0.306551603200
2   4   2   6          0.0595100773578
2   5   2   1          0.0157438037027
2   5   2   3          0.0858682256445
2   5   2   5           0.336455680000
2   5   2   7          0.0761656769285
2   6   2   0        -0.00196301234153
2   6   2   4          0.0595100773578
2   6   2   6           0.195831710387
2   7   2   1         0.00970901876777
2   7   2   3          0.0422164524592
2   7   2   5          0.0761656769285
2   7   2   7           0.205405680028
2   1   3   0         -0.0877914951989
2   1   3   2         -0.0343266296384
2   1   3   4         -0.0181713875018
2   1   3   6         -0.0116720311093
2   3   3   0         -0.0343266296384
2   3   3   2          -0.601562500000
2   3   3   4         -0.0858682256445
2   3   3   6         -0.0422164524592
2   5   3   0         -0.0181713875018
2   5   3   2         -0.0858682256445
2   5   3   4         -0.0299040768000
2   5   3   6         -0.0166555995707
2   7   3   0         -0.0116720311093
2   7   3   2         -0.0422164524592
2   7   3   4         -0.0166555995707
2   7   3   6        -0.00957396964103
2   0   4   0           0.157214233658
2   0   4   2         0.00242758379910
2   0   4   6       -0.000229060270740
2   1   4   1           0.202105907651
2   1   4   3          0.0181713875018
2   1   4   5         0.00843615533852
2   1   4   7         0.00521339358263
2   3   4   1          0.0181713875018
2   3   4   3          0.0858682256445
2   3   4   5          0.0299040768000
2   3   4   7          0.0166555995707
2   4   4   0        -0.00127925737519
2   4   4   2          -0.306551603200
2   4   4   6         0.00311809893549
2   5   4   1         0.00843615533852
2   5   4   3          0.0299040768000
2   5   4   5          0.0185891862585
2   5   4   7          0.0114152416431
2   6   4   0        -0.00104713266624
2   6   4   2         -0.0595100773578
2   6   4   6         0.00197796906138
2   7   4   1         0.00521339358263
2   7   4   3          0.0166555995707
2   7   4   5          0.0114152416431
2   7   4   7         0.00728886370034
2   1   5   0         -0.0448916739932
2   1   5   2         -0.0157438037027
2   1   5   4        -0.00843615533852
2   1   5   6        -0.00544245385337
2   3   5   0         -0.0181713875018
2   3   5   2         -0.0858682256445
2   3   5   4         -0.0299040768000
2   3   5   6         -0.0166555995707
2   5   5   0        -0.00971541271371
2   5   5   2          -0.336455680000
2   5   5   4         -0.0185891862585
2   5   5   6        -0.00829714270761
2   7   5   0        -0.00626052624887
2   7   5   2         -0.0761656769285
2   7   5   4         -0.0114152416431
2   7   5   6        -0.00531089463896
2   0   6   0          0.0863264926249
2   0   6   2         0.00196301234153
2   0   6   4        0.000229060270740
2   1   6   1           0.114862774271
2   1   6   3          0.0116720311093
2   1   6   5         0.00544245385337
2   1   6   7         0.00336635308426
2   3   6   1          0.0116720311093
2   3   6   3          0.0422164524592
2   3   6   5          0.0166555995707
2   3   6   7         0.00957396964103
2   4   6   0       -0.000818072395500
2   4   6   2         -0.0595100773578
2   4   6   4        -0.00311809893549
2   5   6   1         0.00544245385337
2   5   6   3          0.0166555995707
2   5   6   5         0.00829714270761
2   5   6   7         0.00531089463896
2   6   6   0       -0.000672151696080
2   6   6   2          -0.195831710387
2   6   6   4        -0.00197796906138
2   7   6   1         0.00336635308426
2   7   6   3         0.00957396964103
2   7   6   5         0.00531089463896
2   7   6   7         0.00337745557253
2   1   7   0         -0.0285362816461
2   1   7   2        -0.00970901876777
2   1   7   4        -0.00521339358263
2   1   7   6        -0.00336635308426
2   3   7   0         -0.0116720311093
2   3   7   2         -0.0422164524592
2   3   7   4         -0.0166555995707
2   3   7   6        -0.00957396964103
2   5   7   0        -0.00626052624887
2   5   7   2         -0.0761656769285
2   5   7   4         -0.0114152416431
2   5   7   6        -0.00531089463896
2   7   7   0        -0.00403850478034
2   7   7   2          -0.205405680028
2   7   7   4        -0.00728886370034
2   7   7   6        -0.00337745557253
3   0   0   1          -0.357420133678
3   0   0   3          -0.839506172840
3   0   0   5          -0.202105907651
3   0   0   7          -0.114862774271
3   2   0   1         -0.0877914951989
3   2   0   3         -0.0343266296384
3   2   0   5         -0.0181713875018
3   2   0   7         -0.0116720311093
3   4   0   1         -0.0448916739932
3   4   0   3         -0.0157438037027
3   4   0   5        -0.00843615533852
3   4   0   7        -0.00544245385337
3   6   0   1         -0.0285362816461
3   6   0   3        -0.00970901876777
3   6   0   5        -0.00521339358263
3   6   0   7        -0.00336635308426
3   0   1   0           0.357420133678
3   0   1   2          0.0877914951989
3   0   1   4          0.0448916739932
3   0   1   6          0.0285362816461
3   1   1   3          -0.751714677641
3   1   1   5          -0.157214233658
3   1   1   7         -0.0863264926249
3   2   1   0          0.0877914951989
3   2   1   2          0.0343266296384
3   2   1   4          0.0181713875018
3   2   1   6          0.0116720311093
3   4   1   0          0.0448916739932
3   4   1   2          0.0181713875018
3   4   1   4         0.00971541271371
3   4   1   6         0.00626052624887
3   5   1   3         0.00242758379910
3   5   1   5         0.00127925737519
3   5   1   7        0.000818072395500
3   6   1   0          0.0285362816461
3   6   1   2          0.0116720311093
3   6   1   4         0.00626052624887
3   6   1   6         0.00403850478034
3   7   1   3         0.00196301234153
3   7   1   5         0.00104713266624
3   7   1   7        0.000672151696080
3   0   2   1         -0.0877914951989
3   0   2   3         -0.0343266296384
3   0   2   5         -0.0181713875018
3   0   2   7         -0.0116720311093
3   2   2   1         -0.0343266296384
3   2   2   3          -0.601562500000
3   2   2   5         -0.0858682256445
3   2   2   7         -0.0422164524592
3   4   2   1         -0.0181713875018
3   4   2   3         -0.0858682256445
3   4   2   5         -0.0299040768000
3   4   2   7         -0.0166555995707
3   6   2   1         -0.0116720311093
3   6   2   3         -0.0422164524592
3   6   2   5         -0.0166555995707
3   6   2   7        -0.00957396964103
3   0   3   0           0.839506172840
3   0   3   2          0.0343266296384
3   0   3   4          0.0157438037027
3   0   3   6         0.00970901876777
3   1   3   1           0.751714677641
3   1   3   5        -0.00242758379910
3   1   3   7        -0.00196301234153
3   2   3   0          0.0343266296384
3   2   3   2           0.601562500000
3   2   3   4          0.0858682256445
3   2   3   6          0.0422164524592
3   4   3   0          0.0157438037027
3   4   3   2          0.0858682256445
3   4   3   4           0.336455680000
3   4   3   6          0.0761656769285
3   5   3   1        -0.00242758379910
3   5   3   5           0.306551603200
3   5   3   7          0.0595100773578
3   6   3   0         0.00970901876777
3   6   3   2          0.0422164524592
3   6   3   4          0.0761656769285
3   6   3   6           0.205405680028
3   7   3   1        -0.00196301234153
3   7   3   5          0.0595100773578
3   7   3   7           0.195831710387
3   0   4   1         -0.0448916739932
3   0   4   3         -0.0157438037027
3   0   4   5        -0.00843615533852
3   0   4   7        -0.00544245385337
3   2   4   1         -0.0181713875018
3   2   4   3         -0.0858682256445
3   2   4   5         -0.0299040768000
3   2   4   7         -0.0166555995707
3   4   4   1        -0.00971541271371
3   4   4   3          -0.336455680000
3   4   4   5         -0.0185891862585
3   4   4   7        -0.00829714270761
3   6   4   1        -0.00626052624887
3   6   4   3         -0.0761656769285
3   6   4   5         -0.0114152416431
3   6   4   7        -0.00531089463896
3   0   5   0           0.202105907651
3   0   5   2          0.0181713875018
3   0   5   4         0.00843615533852
3   0   5   6         0.00521339358263
3   1   5   1           0.157214233658
3   1   5   3         0.00242758379910
3   1   5   7       -0.000229060270740
3   2   5   0          0.0181713875018
3   2   5   2          0.0858682256445
3   2   5   4          0.0299040768000
3   2   5   6          0.0166555995707
3   4   5   0         0.00843615533852
3   4   5   2          0.0299040768000
3   4   5   4          0.0185891862585
3   4   5   6          0.0114152416431
3   5   5   1        -0.00127925737519
3   5   5   3          -0.306551603200
3   5   5   7         0.00311809893549
3   6   5   0         0.00521339358263
3   6   5   2          0.0166555995707
3   6   5   4          0.0114152416431
3   6   5   6         0.00728886370034
3   7   5   1        -0.00104713266624
3   7   5   3         -0.0595100773578
3   7   5   7         0.00197796906138
3   0   6   1         -0.0285362816461
3   0   6   3        -0.00970901876777
3   0   6   5        -0.00521339358263
3   0   6   7        -0.00336635308426
3   2   6   1         -0.0116720311093
3   2   6   3         -0.0422164524592
3   2   6   5         -0.0166555995707
3   2   6   7        -0.00957396964103
3   4   6   1        -0.00626052624887
3   4   6   3         -0.0761656769285
3   4   6   5         -0.0114152416431
3   4   6   7        -0.00531089463896
3   6   6   1        -0.00403850478034
3   6   6   3          -0.205405680028
3   6   6   5        -0.00728886370034
3   6   6   7        -0.00337745557253
3   0   7   0           0.114862774271
3   0   7   2          0.0116720311093
3   0   7   4         0.00544245385337
3   0   7   6         0.00336635308426
3   1   7   1          0.0863264926249
3   1   7   3         0.00196301234153
3   1   7   5        0.000229060270740
3   2   7   0          0.0116720311093
3   2   7   2          0.0422164524592
3   2   7   4          0.0166555995707
3   2   7   6         0.00957396964103
3   4   7   0         0.00544245385337
3   4   7   2          0.0166555995707
3   4   7   4         0.00829714270761
3   4   7   6         0.00531089463896
3   5   7   1       -0.000818072395500
3   5   7   3         -0.0595100773578
3   5   7   5        -0.00311809893549
3   6   7   0         0.00336635308426
3   6   7   2         0.00957396964103
3   6   7   4         0.00531089463896
3   6   7   6         0.00337745557253
3   7   7   1       -0.000672151696080
3   7   7   3          -0.195831710387
3   7   7   5        -0.00197796906138
4   0   0   2          -0.157214233658
4   0   0   4          -0.374877929688
4   0   0   6          -0.100664752006
4   1   0   1           0.175837797984
4   1   0   3          0.0448916739932
4   1   0   5          0.0230712890625
4   1   0   7          0.0146899953594
4   2   0   2        -0.00242758379910
4   2   0   4        -0.00127925737519
4   2   0   6       -0.000818072395500
4   3   0   1          0.0448916739932
4   3   0   3          0.0157438037027
4   3   0   5         0.00843615533852
4   3   0   7         0.00544245385337
4   5   0   1          0.0230712890625
4   5   0   3         0.00843615533852
4   5   0   5         0.00452452771541
4   5   0   7         0.00292126286956
4   6   0   2        0.000229060270740
4   6   0   4        0.000122455755350
4   6   0   6        7.88462158000E-05
4   7   0   1          0.0146899953594
4   7   0   3         0.00544245385337
4   7   0   5         0.00292126286956
4   7   0   7         0.00188673169840
4   1   1   0          -0.175837797984
4   1   1   2          -0.202105907651
4   1   1   4          -0.397949218750
4   1   1   6          -0.115354747365
4   3   1   0         -0.0448916739932
4   3   1   2         -0.0181713875018
4   3   1   4        -0.00971541271371
4   3   1   6        -0.00626052624887
4   5   1   0         -0.0230712890625
4   5   1   2        -0.00843615533852
4   5   1   4        -0.00452452771541
4   5   1   6        -0.00292126286956
4   7   1   0         -0.0146899953594
4   7   1   2        -0.00521339358263
4   7   1   4        -0.00279880711421
4   7   1   6        -0.00180788548260
4   0   2   0           0.157214233658
4   0   2   4        -0.00127925737519
4   0   2   6        -0.00104713266624
4   1   2   1           0.202105907651
4   1   2   3          0.0181713875018
4   1   2   5         0.00843615533852
4   1   2   7         0.00521339358263
4   2   2   0         0.00242758379910
4   2   2   4          -0.306551603200
4   2   2   6         -0.0595100773578
4   3   2   1          0.0181713875018
4   3   2   3          0.0858682256445
4   3   2   5          0.0299040768000
4   3   2   7          0.0166555995707
4   5   2   1         0.00843615533852
4   5   2   3          0.0299040768000
4   5   2   5          0.0185891862585
4   5   2   7          0.0114152416431
4   6   2   0       -0.000229060270740
4   6   2   4         0.00311809893549
4   6   2   6         0.00197796906138
4   7   2   1         0.00521339358263
4   7   2   3          0.0166555995707
4   7   2   5          0.0114152416431
4   7   2   7         0.00728886370034
4   1   3   0         -0.0448916739932
4   1   3   2         -0.0181713875018
4   1   3   4        -0.00971541271371
4   1   3   6        -0.00626052624887
4   3   3   0         -0.0157438037027
4   3   3   2         -0.0858682256445
4   3   3   4          -0.336455680000
4   3   3   6         -0.0761656769285
4   5   3   0        -0.00843615533852
4   5   3   2         -0.0299040768000
4   5   3   4         -0.0185891862585
4   5   3   6         -0.0114152416431
4   7   3   0        -0.00544245385337
4   7   3   2         -0.0166555995707
4   7   3   4        -0.00829714270761
4   7   3   6        -0.00531089463896
4   0   4   0           0.374877929688
4   0   4   2         0.00127925737519
4   0   4   6       -0.000122455755350
4   1   4   1           0.397949218750
4   1   4   3         0.00971541271371
4   1   4   5         0.00452452771541
4   1   4   7         0.00279880711421
4   2   4   0         0.00127925737519
4   2   4   2           0.306551603200
4   2   4   6        -0.00311809893549
4   3   4   1         0.00971541271371
4   3   4   3           0.336455680000
4   3   4   5          0.0185891862585
4   3   4   7         0.00829714270761
4   5   4   1         0.00452452771541
4   5   4   3          0.0185891862585
4   5   4   5           0.265625000000
4   5   4   7          0.0362789655790
4   6   4   0       -0.000122455755350
4   6   4   2        -0.00311809893549
4   6   4   6           0.164523023139
4   7   4   1         0.00279880711421
4   7   4   3         0.00829714270761
4   7   4   5          0.0362789655790
4   7   4   7           0.179622233098
4   1   5   0         -0.0230712890625
4   1   5   2        -0.00843615533852
4   1   5   4        -0.00452452771541
4   1   5   6        -0.00292126286956
4   3   5   0        -0.00843615533852
4   3   5   2         -0.0299040768000
4   3   5   4         -0.0185891862585
4   3   5   6         -0.0114152416431
4   5   5   0        -0.00452452771541
4   5   5   2         -0.0185891862585
4   5   5   4          -0.265625000000
4   5   5   6         -0.0362789655790
4   7   5   0        -0.00292126286956
4   7   5   2         -0.0114152416431
4   7   5   4         -0.0362789655790
4   7   5   6         -0.0150992099590
4   0   6   0           0.100664752006
4   0   6   2         0.00104713266624
4   0   6   4        0.000122455755350
4   1   6   1           0.115354747365
4   1   6   3         0.00626052624887
4   1   6   5         0.00292126286956
4   1   6   7         0.00180788548260
4   2   6   0        0.000818072395500
4   2   6   2          0.0595100773578
4   2   6   4         0.00311809893549
4   3   6   1         0.00626052624887
4   3   6   3          0.0761656769285
4   3   6   5          0.0114152416431
4   3   6   7         0.00531089463896
4   5   6   1         0.00292126286956
4   5   6   3          0.0114152416431
4   5   6   5          0.0362789655790
4   5   6   7          0.0150992099590
4   6   6   0       -7.88462158000E-05
4   6   6   2        -0.00197796906138
4   6   6   4          -0.164523023139
4   7   6   1         0.00180788548260
4   7   6   3         0.00531089463896
4   7   6   5          0.0150992099590
4   7   6   7          0.0114890427518
4   1   7   0         -0.0146899953594
4   1   7   2        -0.00521339358263
4   1   7   4        -0.00279880711421
4   1   7   6        -0.00180788548260
4   3   7   0        -0.00544245385337
4   3   7   2         -0.0166555995707
4   3   7   4        -0.00829714270761
4   3   7   6        -0.00531089463896
4   5   7   0        -0.00292126286956
4   5   7   2         -0.0114152416431
4   5   7   4         -0.0362789655790
4   5   7   6         -0.0150992099590
4   7   7   0        -0.00188673169840
4   7   7   2        -0.00728886370034
4   7   7   4          -0.179622233098
4   7   7   6         -0.0114890427518
5   0   0   1          -0.175837797984
5   0   0   3          -0.202105907651
5   0   0   5          -0.397949218750
5   0   0   7          -0.115354747365
5   2   0   1         -0.0448916739932
5   2   0   3         -0.0181713875018
5   2   0   5        -0.00971541271371
5   2   0   7        -0.00626052624887
5   4   0   1         -0.0230712890625
5   4   0   3        -0.00843615533852
5   4   0   5        -0.00452452771541
5   4   0   7        -0.00292126286956
5   6   0   1         -0.0146899953594
5   6   0   3        -0.00521339358263
5   6   0   5        -0.00279880711421
5   6   0   7        -0.00180788548260
5   0   1   0           0.175837797984
5   0   1   2          0.0448916739932
5   0   1   4          0.0230712890625
5   0   1   6          0.0146899953594
5   1   1   3          -0.157214233658
5   1   1   5          -0.374877929688
5   1   1   7          -0.100664752006
5   2   1   0          0.0448916739932
5   2   1   2          0.0157438037027
5   2   1   4         0.00843615533852
5   2   1   6         0.00544245385337
5   3   1   3        -0.00242758379910
5   3   1   5        -0.00127925737519
5   3   1   7       -0.000818072395500
5   4   1   0          0.0230712890625
5   4   1   2         0.00843615533852
5   4   1   4         0.00452452771541
5   4   1   6         0.00292126286956
5   6   1   0          0.0146899953594
5   6   1   2         0.00544245385337
5   6   1   4         0.00292126286956
5   6   1   6         0.00188673169840
5   7   1   3        0.000229060270740
5   7   1   5        0.000122455755350
5   7   1   7        7.88462158000E-05
5   0   2   1         -0.0448916739932
5   0   2   3         -0.0181713875018
5   0   2   5        -0.00971541271371
5   0   2   7        -0.00626052624887
5   2   2   1         -0.0157438037027
5   2   2   3         -0.0858682256445
5   2   2   5          -0.336455680000
5   2   2   7         -0.0761656769285
5   4   2   1        -0.00843615533852
5   4   2   3         -0.0299040768000
5   4   2   5         -0.0185891862585
5   4   2   7         -0.0114152416431
5   6   2   1        -0.00544245385337
5   6   2   3         -0.0166555995707
5   6   2   5        -0.00829714270761
5   6   2   7        -0.00531089463896
5   0   3   0           0.202105907651
5   0   3   2          0.0181713875018
5   0   3   4         0.00843615533852
5   0   3   6         0.00521339358263
5   1   3   1           0.157214233658
5   1   3   5        -0.00127925737519
5   1   3   7        -0.00104713266624
5   2   3   0          0.0181713875018
5   2   3   2          0.0858682256445
5   2   3   4          0.0299040768000
5   2   3   6          0.0166555995707
5   3   3   1         0.00242758379910
5   3   3   5          -0.306551603200
5   3   3   7         -0.0595100773578
5   4   3   0         0.00843615533852
5   4   3   2          0.0299040768000
5   4   3   4          0.0185891862585
5   4   3   6          0.0114152416431
5   6   3   0         0.00521339358263
5   6   3   2          0.0166555995707
5   6   3   4          0.0114152416431
5   6   3   6         0.00728886370034
5   7   3   1       -0.000229060270740
5   7   3   5         0.00311809893549
5   7   3   7         0.00197796906138
5   0   4   1         -0.0230712890625
5   0   4   3        -0.00843615533852
5   0   4   5        -0.00452452771541
5   0   4   7        -0.00292126286956
5   2   4   1        -0.00843615533852
5   2   4   3         -0.0299040768000
5   2   4   5         -0.0185891862585
5   2   4   7         -0.0114152416431
5   4   4   1        -0.00452452771541
5   4   4   3         -0.0185891862585
5   4   4   5          -0.265625000000
5   4   4   7         -0.0362789655790
5   6   4   1        -0.00292126286956
5   6   4   3         -0.0114152416431
5   6   4   5         -0.0362789655790
5   6   4   7         -0.0150992099590
5   0   5   0           0.397949218750
5   0   5   2         0.00971541271371
5   0   5   4         0.00452452771541
5   0   5   6         0.00279880711421
5   1   5   1           0.374877929688
5   1   5   3         0.00127925737519
5   1   5   7       -0.000122455755350
5   2   5   0         0.00971541271371
5   2   5   2           0.336455680000
5   2   5   4          0.0185891862585
5   2   5   6         0.00829714270761
5   3   5   1         0.00127925737519
5   3   5   3           0.306551603200
5   3   5   7        -0.00311809893549
5   4   5   0         0.00452452771541
5   4   5   2          0.0185891862585
5   4   5   4           0.265625000000
5   4   5   6          0.0362789655790
5   6   5   0         0.00279880711421
5   6   5   2         0.00829714270761
5   6   5   4          0.0362789655790
5   6   5   6           0.179622233098
5   7   5   1       -0.000122455755350
5   7   5   3        -0.00311809893549
5   7   5   7           0.164523023139
5   0   6   1         -0.0146899953594
5   0   6   3        -0.00521339358263
5   0   6   5        -0.00279880711421
5   0   6   7        -0.00180788548260
5   2   6   1        -0.00544245385337
5   2   6   3         -0.0166555995707
5   2   6   5        -0.00829714270761
5   2   6   7        -0.00531089463896
5   4   6   1        -0.00292126286956
5   4   6   3         -0.0114152416431
5   4   6   5         -0.0362789655790
5   4   6   7         -0.0150992099590
5   6   6   1        -0.00188673169840
5   6   6   3        -0.00728886370034
5   6   6   5          -0.179622233098
5   6   6   7         -0.0114890427518
5   0   7   0           0.115354747365
5   0   7   2         0.00626052624887
5   0   7   4         0.00292126286956
5   0   7   6         0.00180788548260
5   1   7   1           0.100664752006
5   1   7   3         0.00104713266624
5   1   7   5        0.000122455755350
5   2   7   0         0.00626052624887
5   2   7   2          0.0761656769285
5   2   7   4          0.0114152416431
5   2   7   6         0.00531089463896
5   3   7   1        0.000818072395500
5   3   7   3          0.0595100773578
5   3   7   5         0.00311809893549
5   4   7   0         0.00292126286956
5   4   7   2          0.0114152416431
5   4   7   4          0.0362789655790
5   4   7   6          0.0150992099590
5   6   7   0         0.00180788548260
5   6   7   2         0.00531089463896
5   6   7   4          0.0150992099590
5   6   7   6          0.0114890427518
5   7   7   1       -7.88462158000E-05
5   7   7   3        -0.00197796906138
5   7   7   5          -0.164523023139
6   0   0   2         -0.0863264926249
6   0   0   4          -0.100664752006
6   0   0   6          -0.221174579200
6   1   0   1           0.110427438152
6   1   0   3          0.0285362816461
6   1   0   5          0.0146899953594
6   1   0   7         0.00935854080000
6   2   0   2        -0.00196301234153
6   2   0   4        -0.00104713266624
6   2   0   6       -0.000672151696080
6   3   0   1          0.0285362816461
6   3   0   3         0.00970901876777
6   3   0   5         0.00521339358263
6   3   0   7         0.00336635308426
6   4   0   2       -0.000229060270740
6   4   0   4       -0.000122455755350
6   4   0   6       -7.88462158000E-05
6   5   0   1          0.0146899953594
6   5   0   3         0.00521339358263
6   5   0   5         0.00279880711421
6   5   0   7         0.00180788548260
6   7   0   1         0.00935854080000
6   7   0   3         0.00336635308426
6   7   0   5         0.00180788548260
6   7   0   7         0.00116802643408
6   1   1   0          -0.110427438152
6   1   1   2          -0.114862774271
6   1   1   4          -0.115354747365
6   1   1   6          -0.230533120000
6   3   1   0         -0.0285362816461
6   3   1   2         -0.0116720311093
6   3   1   4        -0.00626052624887
6   3   1   6        -0.00403850478034
6   5   1   0         -0.0146899953594
6   5   1   2        -0.00544245385337
6   5   1   4        -0.00292126286956
6   5   1   6        -0.00188673169840
6   7   1   0        -0.00935854080000
6   7   1   2        -0.00336635308426
6   7   1   4        -0.00180788548260
6   7   1   6        -0.00116802643408
6   0   2   0          0.0863264926249
6   0   2   4       -0.000818072395500
6   0   2   6       -0.000672151696080
6   1   2   1           0.114862774271
6   1   2   3          0.0116720311093
6   1   2   5         0.00544245385337
6   1   2   7         0.00336635308426
6   2   2   0         0.00196301234153
6   2   2   4         -0.0595100773578
6   2   2   6          -0.195831710387
6   3   2   1          0.0116720311093
6   3   2   3          0.0422164524592
6   3   2   5          0.0166555995707
6   3   2   7         0.00957396964103
6   4   2   0        0.000229060270740
6   4   2   4        -0.00311809893549
6   4   2   6        -0.00197796906138
6   5   2   1         0.00544245385337
6   5   2   3          0.0166555995707
6   5   2   5         0.00829714270761
6   5   2   7         0.00531089463896
6   7   2   1         0.00336635308426
6   7   2   3         0.00957396964103
6   7   2   5         0.00531089463896
6   7   2   7         0.00337745557253
6   1   3   0         -0.0285362816461
6   1   3   2         -0.0116720311093
6   1   3   4        -0.00626052624887
6   1   3   6        -0.00403850478034
6   3   3   0        -0.00970901876777
6   3   3   2         -0.0422164524592
6   3   3   4         -0.0761656769285
6   3   3   6          -0.205405680028
6   5   3   0        -0.00521339358263
6   5   3   2         -0.0166555995707
6   5   3   4         -0.0114152416431
6   5   3   6        -0.00728886370034
6   7   3   0        -0.00336635308426
6   7   3   2        -0.00957396964103
6   7   3   4        -0.00531089463896
6   7   3   6        -0.00337745557253
6   0   4   0           0.100664752006
6   0   4   2        0.000818072395500
6   0   4   6       -7.88462158000E-05
6   1   4   1           0.115354747365
6   1   4   3         0.00626052624887
6   1   4   5         0.00292126286956
6   1   4   7         0.00180788548260
6   2   4   0         0.00104713266624
6   2   4   2          0.0595100773578
6   2   4   6        -0.00197796906138
6   3   4   1         0.00626052624887
6   3   4   3          0.0761656769285
6   3   4   5          0.0114152416431
6   3   4   7         0.00531089463896
6   4   4   0        0.000122455755350
6   4   4   2         0.00311809893549
6   4   4   6          -0.164523023139
6   5   4   1         0.00292126286956
6   5   4   3          0.0114152416431
6   5   4   5          0.0362789655790
6   5   4   7          0.0150992099590
6   7   4   1         0.00180788548260
6   7   4   3         0.00531089463896
6   7   4   5          0.0150992099590
6   7   4   7          0.0114890427518
6   1   5   0         -0.0146899953594
6   1   5   2        -0.00544245385337
6   1   5   4        -0.00292126286956
6   1   5   6        -0.00188673169840
6   3   5   0        -0.00521339358263
6   3   5   2         -0.0166555995707
6   3   5   4         -0.0114152416431
6   3   5   6        -0.00728886370034
6   5   5   0        -0.00279880711421
6   5   5   2        -0.00829714270761
6   5   5   4         -0.0362789655790
6   5   5   6          -0.179622233098
6   7   5   0        -0.00180788548260
6   7   5   2        -0.00531089463896
6   7   5   4         -0.0150992099590
6   7   5   6         -0.0114890427518
6   0   6   0           0.221174579200
6   0   6   2        0.000672151696080
6   0   6   4        7.88462158000E-05
6   1   6   1           0.230533120000
6   1   6   3         0.00403850478034
6   1   6   5         0.00188673169840
6   1   6   7         0.00116802643408
6   2   6   0        0.000672151696080
6   2   6   2           0.195831710387
6   2   6   4         0.00197796906138
6   3   6   1         0.00403850478034
6   3   6   3           0.205405680028
6   3   6   5         0.00728886370034
6   3   6   7         0.00337745557253
6   4   6   0        7.88462158000E-05
6   4   6   2         0.00197796906138
6   4   6   4           0.164523023139
6   5   6   1         0.00188673169840
6   5   6   3         0.00728886370034
6   5   6   5           0.179622233098
6   5   6   7          0.0114890427518
6   7   6   1         0.00116802643408
6   7   6   3         0.00337745557253
6   7   6   5          0.0114890427518
6   7   6   7           0.149085998535
6   1   7   0        -0.00935854080000
6   1   7   2        -0.00336635308426
6   1   7   4        -0.00180788548260
6   1   7   6        -0.00116802643408
6   3   7   0        -0.00336635308426
6   3   7   2        -0.00957396964103
6   3   7   4        -0.00531089463896
6   3   7   6        -0.00337745557253
6   5   7   0        -0.00180788548260
6   5   7   2        -0.00531089463896
6   5   7   4         -0.0150992099590
6   5   7   6         -0.0114890427518
6   7   7   0        -0.00116802643408
6   7   7   2        -0.00337745557253
6   7   7   4         -0.0114890427518
6   7   7   6          -0.149085998535
7   0   0   1          -0.110427438152
7   0   0   3          -0.114862774271
7   0   0   5          -0.115354747365
7   0   0   7          -0.230533120000
7   2   0   1         -0.0285362816461
7   2   0   3         -0.0116720311093
7   2   0   5        -0.00626052624887
7   2   0   7        -0.00403850478034
7   4   0   1         -0.0146899953594
7   4   0   3        -0.00544245385337
7   4   0   5        -0.00292126286956
7   4   0   7        -0.00188673169840
7   6   0   1        -0.00935854080000
7   6   0   3        -0.00336635308426
7   6   0   5        -0.00180788548260
7   6   0   7        -0.00116802643408
7   0   1   0           0.110427438152
7   0   1   2          0.0285362816461
7   0   1   4          0.0146899953594
7   0   1   6         0.00935854080000
7   1   1   3         -0.0863264926249
7   1   1   5          -0.100664752006
7   1   1   7          -0.221174579200
7   2   1   0          0.0285362816461
7   2   1   2         0.00970901876777
7   2   1   4         0.00521339358263
7   2   1   6         0.00336635308426
7   3   1   3        -0.00196301234153
7   3   1   5        -0.00104713266624
7   3   1   7       -0.000672151696080
7   4   1   0          0.0146899953594
7   4   1   2         0.00521339358263
7   4   1   4         0.00279880711421
7   4   1   6         0.00180788548260
7   5   1   3       -0.000229060270740
7   5   1   5       -0.000122455755350
7   5   1   7       -7.88462158000E-05
7   6   1   0         0.00935854080000
7   6   1   2         0.00336635308426
7   6   1   4         0.00180788548260
7   6   1   6         0.00116802643408
7   0   2   1         -0.0285362816461
7   0   2   3         -0.0116720311093
7   0   2   5        -0.00626052624887
7   0   2   7        -0.00403850478034
7   2   2   1        -0.00970901876777
7   2   2   3         -0.0422164524592
7   2   2   5         -0.0761656769285
7   2   2   7          -0.205405680028
7   4   2   1        -0.00521339358263
7   4   2   3         -0.0166555995707
7   4   2   5         -0.0114152416431
7   4   2   7        -0.00728886370034
7   6   2   1        -0.00336635308426
7   6   2   3        -0.00957396964103
7   6   2   5        -0.00531089463896
7   6   2   7        -0.00337745557253
7   0   3   0           0.114862774271
7   0   3   2          0.0116720311093
7   0   3   4         0.00544245385337
7   0   3   6         0.00336635308426
7   1   3   1          0.0863264926249
7   1   3   5       -0.000818072395500
7   1   3   7       -0.000672151696080
7   2   3   0          0.0116720311093
7   2   3   2          0.0422164524592
7   2   3   4          0.0166555995707
7   2   3   6         0.00957396964103
7   3   3   1         0.00196301234153
7   3   3   5         -0.0595100773578
7   3   3   7          -0.195831710387
7   4   3   0         0.00544245385337
7   4   3   2          0.0166555995707
7   4   3   4         0.00829714270761
7   4   3   6         0.00531089463896
7   5   3   1        0.000229060270740
7   5   3   5        -0.00311809893549
7   5   3   7        -0.00197796906138
7   6   3   0         0.00336635308426
7   6   3   2         0.00957396964103
7   6   3   4         0.00531089463896
7   6   3   6         0.00337745557253
7   0   4   1         -0.0146899953594
7   0   4   3        -0.00544245385337
7   0   4   5        -0.00292126286956
7   0   4   7        -0.00188673169840
7   2   4   1        -0.00521339358263
7   2   4   3         -0.0166555995707
7   2   4   5         -0.0114152416431
7   2   4   7        -0.00728886370034
7   4   4   1        -0.00279880711421
7   4   4   3        -0.00829714270761
7   4   4   5         -0.0362789655790
7   4   4   7          -0.179622233098
7   6   4   1        -0.00180788548260
7   6   4   3        -0.00531089463896
7   6   4   5         -0.0150992099590
7   6   4   7         -0.0114890427518
7   0   5   0           0.115354747365
7   0   5   2         0.00626052624887
7   0   5   4         0.00292126286956
7   0   5   6         0.00180788548260
7   1   5   1           0.100664752006
7   1   5   3        0.000818072395500
7   1   5   7       -7.88462158000E-05
7   2   5   0         0.00626052624887
7   2   5   2          0.0761656769285
7   2   5   4          0.0114152416431
7   2   5   6         0.00531089463896
7   3   5   1         0.00104713266624
7   3   5   3          0.0595100773578
7   3   5   7        -0.00197796906138
7   4   5   0         0.00292126286956
7   4   5   2          0.0114152416431
7   4   5   4          0.0362789655790
7   4   5   6          0.0150992099590
7   5   5   1        0.000122455755350
7   5   5   3         0.00311809893549
7   5   5   7          -0.164523023139
7   6   5   0         0.00180788548260
7   6   5   2         0.00531089463896
7   6   5   4          0.0150992099590
7   6   5   6          0.0114890427518
7   0   6   1        -0.00935854080000
7   0   6   3        -0.00336635308426
7   0   6   5        -0.00180788548260
7   0   6   7        -0.00116802643408
7   2   6   1        -0.00336635308426
7   2   6   3        -0.00957396964103
7   2   6   5        -0.00531089463896
7   2   6   7        -0.00337745557253
7   4   6   1        -0.00180788548260
7   4   6   3        -0.00531089463896
7   4   6   5         -0.0150992099590
7   4   6   7         -0.0114890427518
7   6   6   1        -0.00116802643408
7   6   6   3        -0.00337745557253
7   6   6   5         -0.0114890427518
7   6   6   7          -0.149085998535
7   0   7   0           0.230533120000
7   0   7   2         0.00403850478034
7   0   7   4         0.00188673169840
7   0   7   6         0.00116802643408
7   1   7   1           0.221174579200
7   1   7   3        0.000672151696080
7   1   7   5        7.88462158000E-05
7   2   7   0         0.00403850478034
7   2   7   2           0.205405680028
7   2   7   4         0.00728886370034
7   2   7   6         0.00337745557253
7   3   7   1        0.000672151696080
7   3   7   3           0.195831710387
7   3   7   5         0.00197796906138
7   4   7   0         0.00188673169840
7   4   7   2         0.00728886370034
7   4   7   4           0.179622233098
7   4   7   6          0.0114890427518
7   5   7   1        7.88462158000E-05
7   5   7   3         0.00197796906138
7   5   7   5           0.164523023139
7   6   7   0         0.00116802643408
7   6   7   2         0.00337745557253
7   6   7   4          0.0114890427518
7   6   7   6           0.149085998535
